0.129630 0.075758
0.168966 0.106383
0.106383 0.138504
0.138504 0.132404
0.132404 0.099174
0.105000 0.089041
0.089041 0.089744
0.089744 0.045045
0.053691 0.071429
0.181208 0.157303
0.157303 0.126492
0.126492 0.142582
0.142582 0.157205
0.157205 0.098113
0.057402 0.034783
0.034783 0.050909
0.097656 0.125616
0.125616 0.111359
0.111359 0.075472
0.075472 0.090000
0.139860 0.110553
0.170330 0.130120
0.130120 0.156566
0.089783 0.093023
0.093023 0.105485
0.105485 0.047354
0.152439 0.107492
0.107492 0.111524
0.064179 0.047511
0.047511 0.035398
0.033333 0.108753
0.108753 0.077381
0.077381 0.127273
0.127273 0.071111
0.071111 0.105839
0.105839 0.117391
0.067103 0.079772
0.079772 0.092879
0.046875 0.050473
0.050473 0.086022
0.015267 0.078522
0.078522 0.068702
0.068702 0.062241
0.062241 0.043771
0.043771 0.061538
0.061538 0.085890
0.085890 0.057692
0.055118 0.087121
0.087121 0.084507
0.084507 0.104972
0.068548 0.031056
0.080000 0.075472
0.135204 0.050388
0.050388 0.114478
0.114478 0.163664
0.163664 0.164502
0.164502 0.153979
0.153979 0.174551
0.174551 0.181149
0.181149 0.156098
0.156098 0.128035
0.124682 0.142180
0.106312 0.113074
0.113074 0.063181
0.063181 0.097315
0.097315 0.094595
0.094595 0.121827
0.121827 0.111864
0.111864 0.131720
0.131720 0.109325
0.109325 0.123288
0.123288 0.115741
0.115741 0.105263
0.105263 0.142857
0.142857 0.126437
0.086643 0.149425
0.126866 0.106557
0.034221 0.049587
0.129555 0.056452
0.172775 0.130000
0.130000 0.180451
0.180451 0.113043
0.113043 0.187500
0.052104 0.066202
0.066202 0.061364
0.061364 0.068657
0.068657 0.048991
0.048991 0.077151
0.077151 0.077562
0.061185 0.076923
0.076923 0.081720
0.081720 0.041237
0.076733 0.081522
0.081522 0.056338
0.056338 0.053846
0.084367 0.111940
0.111940 0.082418
0.094595 0.138514
0.138514 0.157186
0.157186 0.151145
0.151145 0.149444
0.149444 0.163059
0.163059 0.142395
0.142395 0.167870
0.167870 0.120178
0.120178 0.141058
0.086022 0.118598
0.151093 0.144315
0.144315 0.105183
0.105183 0.126984
0.126984 0.092637
0.092637 0.142384
0.142384 0.113990
0.113990 0.142857
0.142857 0.152038
0.152038 0.111872
0.111872 0.137500
0.137500 0.118506
0.118506 0.111498
0.111498 0.131313
0.131313 0.070111
0.157787 0.132931
0.132931 0.156584
0.156584 0.141176
0.162234 0.176647
0.176647 0.110749
0.075472 0.108696
0.108696 0.157692
0.157692 0.065327
0.065327 0.089655
0.089655 0.069869
0.039474 0.099407
0.099407 0.153951
0.153951 0.117925
0.117925 0.146190
0.146190 0.122029
0.122029 0.142235
0.142235 0.170813
0.170813 0.118541
0.118541 0.131250
0.131250 0.123123
0.123123 0.124006
0.124006 0.079190
0.079190 0.106529
0.048485 0.090476
0.090476 0.067227
0.067227 0.098214
0.098214 0.061644
0.107744 0.068000
0.068000 0.103015
0.103015 0.106635
0.066667 0.043796
0.090000 0.130045
0.130045 0.161905
0.161905 0.136111
0.136111 0.137255
0.137255 0.160954
0.160954 0.128440
0.128440 0.107692
0.105860 0.136842
0.085551 0.092105
0.092105 0.084151
0.084151 0.067398
0.067398 0.094614
0.094614 0.069231
0.069231 0.069149
0.087379 0.084795
0.084795 0.116838
0.116838 0.123438
0.123438 0.129969
0.129969 0.121008
0.121008 0.126437
0.126437 0.137339
0.104683 0.111111
0.111111 0.107468
0.107468 0.127090
0.127090 0.099270
0.099270 0.116279
0.116279 0.146233
0.146233 0.192521
0.192521 0.134211
0.134211 0.152778
0.152778 0.136765
0.136765 0.142379
0.142379 0.159498
0.159498 0.161348
0.161348 0.136827
0.136827 0.139364
0.048780 0.039548
0.039548 0.084175
0.084175 0.068311
0.068311 0.059322
0.059322 0.051118
0.051118 0.049632
0.049632 0.063158
0.063158 0.053785
0.053785 0.067912
0.067912 0.065502
0.065502 0.039216
0.039216 0.037190
0.037190 0.075601
0.075601 0.063291
0.071287 0.085631
0.085631 0.097665
0.097665 0.095315
0.095315 0.090772
0.090772 0.118959
0.118959 0.102310
0.102310 0.140278
0.140278 0.155431
0.155431 0.154217
0.154217 0.109121
0.109121 0.097345
0.097345 0.131746
0.131746 0.091168
0.126761 0.114504
0.114504 0.117253
0.144068 0.135725
0.135725 0.142643
0.142643 0.156522
0.156522 0.201504
0.201504 0.147641
0.147641 0.156627
0.156627 0.141447
0.094891 0.088983
0.088983 0.089109
0.089109 0.074713
0.100457 0.049107
0.088571 0.065502
0.065502 0.034268
0.034268 0.048485
0.135091 0.152027
0.152027 0.220566
0.220566 0.099511
0.099511 0.191718
0.191718 0.159754
0.159754 0.182203
0.182203 0.181818
0.181818 0.134058
0.134058 0.194643
0.194643 0.161863
0.161863 0.148699
0.148699 0.167076
0.167076 0.127551
0.127551 0.086560
0.086560 0.161677
0.062241 0.084577
0.084577 0.103245
0.103245 0.100917
0.100917 0.087398
0.087398 0.073529
0.073529 0.084388
0.084388 0.071429
0.071429 0.043860
0.043860 0.072519
0.072519 0.032258
0.078014 0.059028
0.059028 0.062738
0.062738 0.104603
0.104603 0.098039
0.098039 0.107595
0.107595 0.081395
0.081395 0.069519
0.069519 0.105263
0.105263 0.099707
0.099707 0.102094
0.102094 0.091304
0.091304 0.091371
0.091371 0.136842
0.169960 0.160550
0.160550 0.110787
0.110787 0.112745
0.077844 0.100000
0.100000 0.143713
0.143713 0.139241
0.139241 0.044586
0.044586 0.059603
0.059603 0.106280
0.106280 0.105105
0.105105 0.084862
0.084862 0.107884
0.089109 0.075556
0.075556 0.088889
0.088889 0.100386
0.086455 0.076459
0.076459 0.101900
0.101900 0.114780
0.114780 0.092593
0.092715 0.108696
0.108696 0.115672
0.115672 0.106299
0.106299 0.104631
0.104631 0.085667
0.085667 0.104000
0.104000 0.067797
0.067797 0.107438
0.114458 0.113573
0.030000 0.081633
0.269231 0.110701
0.110701 0.098266
0.165517 0.135593
0.062069 0.037500
0.037500 0.038278
0.102740 0.142857
0.038168 0.117878
0.117878 0.067633
0.084656 0.073460
0.073460 0.042705
0.082927 0.116541
0.116541 0.133690
0.133690 0.169492
0.169492 0.113712
0.115385 0.141732
0.118750 0.048544
0.048544 0.083333
0.083333 0.080189
0.059259 0.038217
0.053030 0.075472
0.075472 0.081967
0.081967 0.060440
0.061125 0.101538
0.101538 0.103393
0.103393 0.081370
0.081370 0.110949
0.110949 0.118613
0.118613 0.079279
0.079279 0.095331
0.095331 0.115523
0.115523 0.100813
0.100813 0.063655
0.063655 0.038741
0.038741 0.136612
0.136612 0.095588
0.029197 0.061728
0.073501 0.110512
0.110512 0.108262
0.108262 0.094340
0.094340 0.108696
0.108696 0.049383
0.090730 0.090909
0.020000 0.057143
0.117647 0.112150
0.112150 0.090239
0.090239 0.074074
0.096847 0.091071
0.091071 0.157233
0.157233 0.129353
0.129353 0.077922
0.077922 0.119454
0.097561 0.126582
0.126582 0.090909
0.089820 0.041958
0.108333 0.154930
0.115486 0.108029
0.108029 0.075758
0.075758 0.102902
0.102902 0.102453
0.102453 0.133433
0.133433 0.080668
0.080668 0.072776
0.072776 0.088359
0.099174 0.096563
0.096563 0.094463
0.094463 0.085420
0.085420 0.183575
0.100287 0.125000
0.125000 0.104698
0.104698 0.147612
0.147612 0.114778
0.114778 0.130081
0.130081 0.105970
0.105970 0.135783
0.135783 0.126464
0.126464 0.169367
0.169367 0.078431
0.148282 0.134707
0.134707 0.088889
0.088889 0.100000
0.075556 0.149515
0.149515 0.146843
0.146843 0.123209
0.123209 0.174927
0.061425 0.040609
0.040609 0.072934
0.111663 0.049080
0.049080 0.109223
0.109223 0.110020
0.110020 0.115226
0.115226 0.102510
0.102510 0.129496
0.129496 0.121519
0.121519 0.085470
0.106087 0.096118
0.096118 0.060790
0.060790 0.129187
0.129187 0.133333
0.133333 0.125253
0.125253 0.127753
0.127753 0.102804
0.102804 0.094862
0.094862 0.107607
0.107607 0.102161
0.102161 0.065844
0.065844 0.105769
0.105769 0.097416
0.097416 0.074661
0.074661 0.099490
0.099490 0.091684
0.091684 0.066176
0.131250 0.113281
0.113281 0.133152
0.113636 0.079903
0.069079 0.098935
0.098935 0.086957
0.080851 0.055085
0.086420 0.026786
0.125000 0.133663
0.133663 0.064748
0.064748 0.105263
0.060484 0.098214
0.098214 0.078591
0.078591 0.101639
0.101639 0.093117
0.058925 0.035920
0.035920 0.048973
0.048973 0.048319
0.048319 0.050209
0.050209 0.060510
0.060510 0.072917
0.072917 0.060741
0.060741 0.062139
0.062139 0.050081
0.050081 0.067591
0.067591 0.079284
0.079284 0.052823
0.052823 0.079044
0.079044 0.040189
0.040189 0.061321
0.064865 0.123249
0.123249 0.081433
0.081433 0.095578
0.095578 0.086420
0.086420 0.087302
0.087302 0.078078
0.129032 0.117486
0.117486 0.091922
0.091922 0.123746
0.123746 0.108949
0.077586 0.136283
0.136283 0.142857
0.142857 0.115789
0.115789 0.099237
0.061947 0.142857
0.142857 0.091205
0.091205 0.068376
0.087065 0.109890
0.109890 0.095455
0.095455 0.077519
0.077519 0.085551
0.085551 0.124236
0.124236 0.056985
0.083832 0.071942
0.061404 0.139130
0.138889 0.130288
0.130288 0.113636
0.113636 0.124521
0.074257 0.105263
0.105263 0.141093
0.141093 0.110891
0.110891 0.111311
0.111311 0.117512
0.117512 0.094828
0.096708 0.127690
0.127690 0.095035
0.095035 0.140351
0.140351 0.111111
0.111111 0.152639
0.152639 0.229126
0.229126 0.113456
0.113456 0.130366
0.130366 0.177143
0.177143 0.163507
0.163507 0.168421
0.168421 0.137996
0.137996 0.153543
0.153543 0.151248
0.151248 0.151515
0.151515 0.143328
0.117117 0.076316
0.121547 0.108626
0.108626 0.133065
0.133065 0.141689
0.141689 0.141196
0.141196 0.114416
0.114416 0.123223
0.123223 0.118483
0.061728 0.085294
0.085294 0.085714
0.085714 0.068376
0.068376 0.096386
0.096386 0.111732
0.111732 0.090253
0.090253 0.052381
0.097686 0.080321
0.080321 0.092949
0.092949 0.119086
0.119086 0.153374
0.153374 0.171598
0.171598 0.156863
0.156863 0.143312
0.143312 0.118044
0.118044 0.147249
0.100962 0.119782
0.119782 0.094340
0.094340 0.134259
0.134259 0.085561
0.085561 0.102767
0.102767 0.090038
0.090038 0.080645
0.080645 0.120408
0.120408 0.076305
0.076305 0.076503
0.076503 0.116279
0.120301 0.100503
0.100503 0.081967
0.081967 0.116162
0.116162 0.100917
0.100917 0.113043
0.063670 0.088000
0.088000 0.155080
0.131805 0.047009
0.126556 0.105832
0.105832 0.118056
0.132948 0.069343
0.068111 0.068100
0.072243 0.069959
0.069959 0.065693
0.065693 0.081967
0.081081 0.134969
0.134969 0.121951
0.141631 0.095238
0.047826 0.043210
0.084404 0.134206
0.134206 0.135350
0.135350 0.138249
0.138249 0.114504
0.114504 0.138436
0.128874 0.136656
0.107050 0.091358
0.091358 0.075908
0.075908 0.093548
0.093548 0.098413
0.098413 0.088235
0.088235 0.131291
0.131291 0.157447
0.157447 0.105096
0.105096 0.110749
0.110749 0.165563
0.165563 0.148096
0.148096 0.099248
0.142251 0.153203
0.153203 0.149780
0.149780 0.138158
0.129278 0.087432
0.088983 0.105263
0.105263 0.125000
0.125000 0.100173
0.100173 0.111321
0.111321 0.103806
0.112108 0.146018
0.146018 0.178378
0.083333 0.046243
0.086076 0.063758
0.063758 0.082051
0.082051 0.072144
0.072144 0.071804
0.071804 0.044776
0.044776 0.078905
0.078905 0.071816
0.071816 0.059867
0.059867 0.064725
0.064725 0.074519
0.074519 0.064171
0.064171 0.097087
0.097360 0.149594
0.149594 0.136771
0.136771 0.138846
0.106024 0.094801
0.094801 0.068182
0.068182 0.072122
0.072122 0.071533
0.071533 0.087977
0.087977 0.071031
0.071031 0.067347
0.092949 0.060345
0.140496 0.178248
0.178248 0.139881
0.139881 0.126285
0.126285 0.169896
0.169896 0.126023
0.126023 0.098947
0.098947 0.160377
0.160377 0.113889
0.113889 0.143713
0.143713 0.123077
0.099237 0.134940
0.134940 0.120787
0.120787 0.132075
0.132075 0.111940
0.111940 0.131805
0.131805 0.109442
0.109442 0.121622
0.121622 0.085714
0.092784 0.054795
0.086957 0.116788
0.027586 0.026119
0.026119 0.060359
0.060359 0.069111
0.069111 0.075075
0.075075 0.074671
0.074671 0.066343
0.066343 0.063328
0.063328 0.053571
0.053571 0.060109
0.092896 0.114973
0.114973 0.069132
0.069132 0.103030
0.103030 0.102305
0.102305 0.106349
0.106349 0.086342
0.086342 0.087167
0.087167 0.076446
0.076446 0.109524
0.109524 0.094828
0.094828 0.088050
0.105769 0.097315
0.120172 0.094203
0.136738 0.116279
0.116279 0.128698
0.128698 0.110945
0.111455 0.085570
0.075862 0.066246
0.066246 0.069307
0.069307 0.049307
0.049307 0.053748
0.053748 0.042230
0.042230 0.100156
0.100156 0.078595
0.078595 0.048706
0.048706 0.068554
0.068554 0.069847
0.069847 0.078231
0.078231 0.082409
0.082409 0.070988
0.070988 0.053292
0.054945 0.076923
0.054545 0.046465
0.046465 0.031250
0.060952 0.077253
0.077253 0.057554
0.057554 0.044776
0.130000 0.171554
0.171554 0.163531
0.163531 0.175887
0.175887 0.220930
0.220930 0.179396
0.134904 0.054201
0.092391 0.107817
0.107817 0.151741
0.151741 0.122850
0.068493 0.123188
0.103636 0.079208
0.079208 0.066667
0.066667 0.069952
0.069952 0.073052
0.073052 0.123539
0.123539 0.141593
0.146119 0.118044
0.118044 0.114671
0.114671 0.119205
0.119205 0.102102
0.102102 0.083929
0.083929 0.069767
0.069767 0.146018
0.090909 0.085366
0.085366 0.111111
0.111111 0.137255
0.137255 0.075949
0.075949 0.086294
0.086294 0.094368
0.094368 0.079710
0.079710 0.129660
0.129660 0.131004
0.131004 0.144092
0.144092 0.107527
0.107527 0.089249
0.089249 0.096405
0.096405 0.049881
0.049881 0.071895
0.071895 0.082090
0.082090 0.082011
0.082011 0.075290
0.074766 0.061538
0.061538 0.046729
0.046729 0.080357
0.080357 0.088235
0.088235 0.058824
0.058824 0.136364
0.099010 0.054054
0.073394 0.009524
0.109589 0.126829
0.115254 0.109510
0.109510 0.141176
0.141176 0.118616
0.118616 0.134168
0.134168 0.163695
0.163695 0.162291
0.162291 0.148545
0.148545 0.129721
0.129721 0.158445
0.158445 0.157978
0.157978 0.183246
0.183246 0.144852
0.144852 0.091451
0.091451 0.090361
0.090361 0.099265
0.159533 0.112811
0.112811 0.170663
0.170663 0.168521
0.168521 0.146269
0.146269 0.148936
0.148936 0.164993
0.121739 0.063910
0.063910 0.066225
0.066225 0.064718
0.064718 0.077852
0.077852 0.074413
0.074413 0.077029
0.077029 0.060649
0.060649 0.061166
0.061166 0.093596
0.093596 0.052632
0.151899 0.126263
0.126263 0.147465
0.147465 0.128631
0.128631 0.076923
0.076923 0.137500
0.137500 0.084507
0.116854 0.106845
0.106845 0.088020
0.088020 0.081678
0.081678 0.089062
0.075758 0.109677
0.090573 0.111111
0.111406 0.124807
0.124807 0.131200
0.131200 0.121528
0.121528 0.148256
0.148256 0.109375
0.109375 0.130709
0.130709 0.118729
0.118729 0.110048
0.110048 0.098361
0.098361 0.128295
0.128295 0.100592
0.100592 0.104972
0.104972 0.104000
0.104000 0.114078
0.114078 0.122449
0.093458 0.064516
0.064516 0.118677
0.118677 0.147826
0.147826 0.082677
0.082677 0.085106
0.085106 0.082707
0.082707 0.098485
0.098485 0.079114
0.079114 0.074380
0.074380 0.070336
0.070336 0.093426
0.093426 0.140762
0.140762 0.075342
0.134454 0.144131
0.144131 0.152568
0.152568 0.133333
0.133333 0.164425
0.164425 0.125937
0.125937 0.139896
0.139896 0.122222
0.122222 0.139276
0.139276 0.125997
0.125997 0.136778
0.136778 0.167241
0.167241 0.111702
0.111702 0.117647
0.117647 0.085938
0.060194 0.093178
0.093178 0.064453
0.064453 0.076142
0.076142 0.064516
0.052000 0.105263
0.104575 0.088176
0.088176 0.083333
0.100703 0.119601
0.119601 0.142222
0.142222 0.138037
0.138037 0.132939
0.132939 0.105175
0.105175 0.108926
0.108926 0.112335
0.112335 0.144054
0.144054 0.152047
0.152047 0.096916
0.096916 0.111111
0.111111 0.101449
0.103139 0.044025
0.169922 0.122449
0.093333 0.084656
0.084656 0.079208
0.103448 0.101754
0.101754 0.110497
0.086957 0.108974
0.108974 0.149163
0.149163 0.143813
0.143813 0.156489
0.156489 0.121281
0.121281 0.156297
0.156297 0.114983
0.114983 0.176707
0.176707 0.163534
0.163534 0.082437
0.082437 0.189964
0.189964 0.150974
0.150974 0.158516
0.158516 0.140271
0.089520 0.154762
0.154762 0.158200
0.158200 0.164444
0.164444 0.140118
0.060000 0.036364
0.146508 0.088757
0.166667 0.149378
0.153846 0.102967
0.102967 0.141593
0.057803 0.043284
0.043284 0.061254
0.061254 0.055965
0.055965 0.044872
0.044872 0.072356
0.080110 0.067797
0.067797 0.062640
0.062640 0.058333
0.058333 0.081585
0.081585 0.057096
0.057096 0.055825
0.055825 0.063613
0.063613 0.075388
0.075388 0.089431
0.089431 0.069378
0.069378 0.056723
0.056723 0.050000
0.050000 0.074074
0.074074 0.059322
0.064189 0.056497
0.056497 0.068884
0.068884 0.128852
0.128852 0.125574
0.125574 0.087814
0.087814 0.108491
0.108491 0.101587
0.101587 0.107372
0.107372 0.126126
0.126126 0.115269
0.115269 0.143162
0.143162 0.085072
0.085072 0.079258
0.079258 0.096667
0.096667 0.077419
0.077419 0.086705
0.086705 0.106109
0.106109 0.037037
0.069767 0.083333
0.083333 0.073955
0.073955 0.057307
0.100917 0.094714
0.094714 0.132132
0.132132 0.161491
0.161491 0.114875
0.114875 0.120536
0.120536 0.160606
0.160606 0.179941
0.179941 0.132450
0.132450 0.173851
0.173851 0.177465
0.177465 0.105512
0.105512 0.146884
0.146884 0.127334
0.127334 0.133333
0.135135 0.074380
0.145161 0.100457
0.125541 0.104000
0.104000 0.071429
0.071429 0.094118
0.094118 0.052174
0.052174 0.100000
0.128205 0.078947
0.078947 0.106452
0.106452 0.084615
0.084459 0.114441
0.114441 0.095779
0.095779 0.169440
0.169440 0.117978
0.117978 0.128521
0.128521 0.128788
0.092920 0.063380
0.063380 0.127660
0.127660 0.091146
0.091146 0.139535
0.139535 0.141684
0.057692 0.135338
0.135338 0.111455
0.111455 0.073801
0.075099 0.105769
0.105769 0.085502
0.075529 0.085496
0.085496 0.064789
0.064789 0.106545
0.106545 0.105000
0.105000 0.108014
0.108014 0.104878
0.102473 0.101351
0.101351 0.142857
0.187970 0.150602
0.150602 0.149123
0.123050 0.107417
0.078035 0.061497
0.061497 0.121019
0.121019 0.109890
0.109890 0.129973
0.129973 0.122984
0.122984 0.131619
0.131619 0.132376
0.132376 0.113208
0.113208 0.133824
0.133824 0.121951
0.121951 0.106250
0.106250 0.138554
0.138554 0.138686
0.138686 0.133898
0.133898 0.134328
0.134328 0.093827
0.030435 0.039432
0.039432 0.060041
0.060041 0.032193
0.032193 0.059850
0.059850 0.079417
0.079417 0.058252
0.106952 0.091684
0.091684 0.055556
0.055556 0.074219
0.109827 0.092105
0.109312 0.058442
0.125000 0.118534
0.118534 0.128378
0.128378 0.079038
0.079038 0.132075
0.088583 0.057307
0.057307 0.097297
0.111111 0.148837
0.148837 0.108659
0.108659 0.052326
0.076433 0.095941
0.075988 0.093686
0.093686 0.115530
0.115530 0.101942
0.101942 0.094059
0.094059 0.091054
0.091054 0.078846
0.078846 0.056338
0.056338 0.059829
0.082645 0.138643
0.092437 0.116022
0.116022 0.086667
0.086667 0.073620
0.073620 0.103774
0.103774 0.105556
0.091371 0.081994
0.081994 0.072727
0.072727 0.051213
0.051213 0.058667
0.058667 0.069892
0.095238 0.165829
0.165829 0.105769
0.105769 0.069479
0.171091 0.115214
0.115214 0.128114
0.128114 0.151057
0.151057 0.118557
0.118557 0.155483
0.155483 0.114865
0.138462 0.093750
0.079208 0.079167
0.108417 0.106691
0.106691 0.148352
0.148352 0.101633
0.101633 0.113269
0.113269 0.131488
0.131488 0.139430
0.139430 0.142857
0.142857 0.121849
0.111588 0.116147
0.116147 0.078740
0.078740 0.179245
0.150000 0.137405
0.137405 0.145791
0.145791 0.177936
0.177936 0.171271
0.171271 0.186347
0.186347 0.166023
0.164103 0.154434
0.154434 0.146457
0.146457 0.156151
0.156151 0.134238
0.134238 0.167979
0.101449 0.111588
0.111588 0.152727
0.152727 0.162349
0.162349 0.108209
0.108209 0.127367
0.127367 0.105155
0.105155 0.116197
0.128099 0.108747
0.108747 0.135762
0.135762 0.103189
0.103189 0.131627
0.131627 0.054839
0.054839 0.099476
0.082840 0.084034
0.114841 0.109091
0.109091 0.134503
0.134503 0.136364
0.136364 0.145125
0.145125 0.125758
0.125758 0.161891
0.161891 0.147513
0.147513 0.159649
0.159649 0.142857
0.142857 0.206949
0.206949 0.123438
0.123438 0.167756
0.167756 0.172117
0.125683 0.088421
0.088421 0.116358
0.116358 0.142602
0.142602 0.126033
0.126033 0.116576
0.116576 0.140665
0.140665 0.148092
0.148092 0.158151
0.158151 0.133987
0.133987 0.159836
0.159836 0.167832
0.167832 0.118868
0.106952 0.157509
0.157509 0.141343
0.141343 0.153153
0.153153 0.122180
0.122180 0.135029
0.057554 0.049157
0.049157 0.072626
0.072626 0.047688
0.047688 0.028261
0.028261 0.097360
0.097360 0.079646
0.079646 0.072314
0.100840 0.064706
0.052083 0.108280
0.108280 0.064257
0.064257 0.099274
0.099274 0.098522
0.098522 0.052265
0.052265 0.089552
0.089552 0.080000
0.080000 0.089474
0.089474 0.123810
0.123810 0.075916
0.075916 0.052941
0.052941 0.151515
0.151515 0.087432
0.087432 0.099338
0.075758 0.081522
0.081522 0.087613
0.087613 0.083067
0.083067 0.090741
0.090741 0.096386
0.096386 0.065306
0.065306 0.094033
0.094033 0.104651
0.104651 0.052023
0.085366 0.075556
0.050971 0.061224
0.061224 0.052288
0.052288 0.040307
0.040307 0.051282
0.051282 0.095455
0.095455 0.055866
0.055866 0.063415
0.105991 0.121588
0.144796 0.190955
0.190955 0.148601
0.148601 0.124031
0.082873 0.107900
0.107900 0.154717
0.154717 0.107034
0.107034 0.057971
0.154506 0.170213
0.080214 0.084416
0.084416 0.048951
0.048951 0.126316
0.126316 0.101124
0.101124 0.086614
0.070671 0.065744
0.065744 0.060680
0.123894 0.060870
0.058824 0.062003
0.062003 0.065495
0.065495 0.089802
0.089802 0.057632
0.057632 0.109875
0.109875 0.096014
0.096014 0.101045
0.101045 0.076010
0.111429 0.079457
0.079457 0.082192
0.082192 0.116822
0.116822 0.096639
0.096639 0.125839
0.125839 0.231481
0.231481 0.110811
0.110811 0.115862
0.115862 0.112051
0.112051 0.144904
0.144904 0.137097
0.137097 0.150555
0.150555 0.110791
0.110791 0.108475
0.108475 0.096721
0.096721 0.130769
0.119289 0.107075
0.107075 0.152610
0.152610 0.164179
0.164179 0.149671
0.149671 0.114379
0.114379 0.127334
0.127334 0.117089
0.117089 0.117857
0.117857 0.094059
0.094059 0.122056
0.122056 0.108108
0.170213 0.071429
0.097087 0.042735
0.062903 0.067416
0.067416 0.062718
0.069892 0.116773
0.066176 0.111293
0.111293 0.061281
0.061281 0.093489
0.093489 0.117188
0.117188 0.115183
0.127273 0.098592
0.098592 0.147783
0.147783 0.134474
0.134474 0.175182
0.175182 0.123558
0.123558 0.116697
0.116697 0.128049
0.094787 0.048077
0.105769 0.105263
0.105263 0.130137
0.130137 0.063694
0.063694 0.084270
0.084270 0.165939
0.165939 0.107692
0.107692 0.131387
0.131387 0.164021
0.164021 0.117438
0.089431 0.110345
0.110345 0.065789
0.070588 0.097297
0.097297 0.099174
0.099174 0.044118
0.044118 0.061728
0.061728 0.114286
0.114286 0.040909
0.040909 0.057402
0.057402 0.065327
0.069597 0.090361
0.090361 0.089770
0.089770 0.070815
0.070815 0.067708
0.048469 0.086831
0.166292 0.113821
0.113821 0.110266
0.110266 0.132353
0.132353 0.136637
0.136637 0.117274
0.117274 0.142857
0.142857 0.085470
0.136187 0.093023
0.093023 0.104000
0.051570 0.054502
0.182609 0.088785
0.088785 0.113680
0.113680 0.093578
0.116466 0.125461
0.125461 0.173611
0.173611 0.137652
0.137652 0.124756
0.124756 0.101266
0.118110 0.163462
0.163462 0.181009
0.181009 0.115000
0.082222 0.108268
0.108268 0.127841
0.120755 0.081218
0.081218 0.105392
0.105392 0.089623
0.089623 0.128205
0.137313 0.117801
0.117801 0.142241
0.142241 0.107050
0.107050 0.156085
0.156085 0.137778
0.137778 0.170616
0.075368 0.042373
0.103723 0.058824
0.091703 0.115486
0.115486 0.076471
0.076471 0.113636
0.113636 0.090343
0.121212 0.098214
0.098214 0.061728
0.080460 0.095238
0.095238 0.066038
0.124590 0.136276
0.136276 0.141883
0.141883 0.111268
0.111268 0.107195
0.107195 0.059172
0.119205 0.133581
0.133581 0.116766
0.116766 0.105900
0.105900 0.119449
0.119449 0.114558
0.114558 0.110307
0.110307 0.134206
0.134206 0.130435
0.130435 0.158249
0.158249 0.141431
0.141431 0.162562
0.162562 0.122605
0.122605 0.120743
0.097561 0.136187
0.136187 0.119149
0.119149 0.108581
0.108581 0.135849
0.135849 0.110140
0.110140 0.103020
0.103020 0.110701
0.110701 0.140873
0.140873 0.134801
0.134801 0.106618
0.106618 0.140921
0.140921 0.104839
0.104839 0.151562
0.151562 0.187215
0.187215 0.172093
0.172093 0.158730
0.158730 0.120690
0.079710 0.098901
0.080508 0.083019
0.074713 0.094512
0.066667 0.099265
0.101322 0.125725
0.150427 0.132558
0.132558 0.095436
0.095436 0.084507
0.092920 0.119374
0.119374 0.115183
0.119149 0.156109
0.156109 0.135514
0.020000 0.037367
0.037367 0.087336
0.074803 0.082524
0.082524 0.089409
0.089409 0.104361
0.104361 0.099432
0.099432 0.103728
0.103728 0.091540
0.162437 0.121053
0.103734 0.072125
0.065217 0.086466
0.086466 0.093333
0.118677 0.127240
0.127240 0.120370
0.120370 0.176871
0.176871 0.104129
0.104129 0.161392
0.161392 0.133739
0.133739 0.123529
0.123529 0.116981
0.116981 0.114213
0.114213 0.121269
0.121269 0.157798
0.157798 0.108861
0.108861 0.172581
0.172581 0.128310
0.128310 0.139764
0.139764 0.167785
0.167785 0.162291
0.162291 0.124760
0.083756 0.099707
0.099707 0.152263
0.152263 0.107784
0.107784 0.127778
0.127778 0.126888
0.126888 0.107050
0.070922 0.077551
0.077551 0.068493
0.068493 0.087719
0.087719 0.064815
0.064815 0.061350
0.061350 0.092683
0.092683 0.055172
0.102649 0.067179
0.067179 0.089080
0.089080 0.084175
0.084175 0.094311
0.094311 0.077176
0.077176 0.061453
0.077491 0.097731
0.139860 0.085106
0.046667 0.062937
0.062937 0.105172
0.105172 0.050633
0.050633 0.058309
0.058309 0.067138
0.099010 0.054507
0.054507 0.044503
0.090909 0.098039
0.079646 0.088816
0.079295 0.095563
0.095563 0.104623
0.104623 0.090487
0.090487 0.067416
0.076923 0.059524
0.059524 0.072000
0.072000 0.079108
0.079108 0.046032
0.046032 0.094406
0.069767 0.060948
0.110733 0.070370
0.070370 0.056980
0.056980 0.106061
0.106061 0.083095
0.083095 0.093023
0.127119 0.073171
0.073171 0.073370
0.119403 0.129630
0.120833 0.105263
0.105263 0.129496
0.129496 0.080745
0.123431 0.150613
0.150613 0.117647
0.117647 0.125382
0.125382 0.160828
0.160828 0.104418
0.104418 0.117359
0.117359 0.094923
0.094923 0.122768
0.122768 0.050000
0.124378 0.078947
0.130573 0.152642
0.152642 0.192982
0.192982 0.216255
0.216255 0.174672
0.174672 0.194059
0.194059 0.152961
0.152961 0.190678
0.190678 0.115132
0.115132 0.139104
0.139104 0.144538
0.144538 0.152778
0.152778 0.148438
0.133779 0.110028
0.110028 0.128023
0.128023 0.116352
0.116352 0.092857
0.092857 0.079882
0.079882 0.148148
0.148148 0.102985
0.076923 0.062500
0.062500 0.092437
0.092437 0.080717
0.080717 0.104730
0.104730 0.060150
0.060150 0.054795
0.054795 0.054299
0.054299 0.094262
0.090535 0.058333
0.086275 0.040650
0.091503 0.053846
0.148673 0.120000
0.120000 0.100932
0.100932 0.103618
0.103618 0.163389
0.163389 0.173567
0.173567 0.170543
0.170543 0.139925
0.139925 0.136000
0.071429 0.103053
0.103053 0.083682
0.083682 0.094675
0.094675 0.097760
0.097760 0.089835
0.117978 0.148515
0.148515 0.139183
0.139183 0.133648
0.133648 0.138535
0.080729 0.068966
0.097902 0.062500
0.062500 0.073350
0.073350 0.076063
0.062295 0.074434
0.074434 0.082803
0.082803 0.101852
0.101852 0.115914
0.115914 0.111111
0.111111 0.148438
0.148438 0.176596
0.176596 0.107551
0.107551 0.159204
0.253968 0.218341
0.218341 0.118943
0.118943 0.149215
0.149215 0.125000
0.125000 0.178808
0.178808 0.108696
0.076190 0.094017
0.094017 0.087527
0.087527 0.083123
0.083123 0.088660
0.088660 0.111782
0.111782 0.085106
0.085106 0.076789
0.076789 0.070111
0.070111 0.102041
0.102041 0.078859
0.078859 0.075055
0.075055 0.069832
0.097087 0.087719
0.087719 0.133122
0.149425 0.111969
0.081416 0.049430
0.049430 0.066773
0.066773 0.067736
0.067736 0.069173
0.069173 0.103668
0.103668 0.103139
0.071942 0.065327
0.065327 0.052516
0.052516 0.079412
0.079412 0.100000
0.098720 0.122720
0.122720 0.118280
0.118280 0.108374
0.108374 0.096405
0.096405 0.095082
0.095082 0.096618
0.045113 0.130094
0.130094 0.122671
0.122671 0.104651
0.104651 0.100990
0.100990 0.118156
0.118156 0.120968
0.078431 0.063492
0.063492 0.089226
0.089226 0.078797
0.078797 0.083721
0.083721 0.045723
0.045723 0.064516
0.064516 0.094077
0.094077 0.060669
0.060669 0.118541
0.060000 0.104418
0.104418 0.094637
0.094637 0.136612
0.136612 0.162044
0.162044 0.134943
0.134943 0.114943
0.114943 0.165230
0.165230 0.164006
0.164006 0.157819
0.157819 0.150568
0.150568 0.138829
0.138829 0.130303
0.130303 0.138824
0.138824 0.131700
0.131700 0.115880
0.115880 0.138699
0.118721 0.085246
0.085246 0.080717
0.080717 0.148148
0.148148 0.143885
0.143885 0.127701
0.127701 0.078788
0.078788 0.117470
0.117470 0.055363
0.120000 0.102310
0.109677 0.079038
0.101754 0.092179
0.092179 0.101887
0.101887 0.095153
0.095153 0.088288
0.088288 0.096654
0.096654 0.076923
0.076923 0.095000
0.095000 0.055556
0.055556 0.097744
0.097744 0.175573
0.084656 0.127796
0.127796 0.119048
0.119048 0.109208
0.109208 0.148936
0.148936 0.144776
0.144776 0.165067
0.165067 0.139085
0.139085 0.120253
0.120253 0.095890
0.095890 0.105850
0.065789 0.060674
0.081395 0.085011
0.080729 0.073084
0.073084 0.072139
0.072139 0.078838
0.078838 0.097946
0.097946 0.091816
0.091816 0.070053
0.068230 0.064327
0.064327 0.078176
0.062937 0.074074
0.065375 0.066946
0.066946 0.051282
0.057692 0.059459
0.059459 0.099174
0.156977 0.082090
0.082090 0.100592
0.103636 0.132550
0.132550 0.123867
0.189474 0.070513
0.144860 0.098305
0.129213 0.151316
0.151316 0.135983
0.135983 0.062305
0.195175 0.171717
0.171717 0.148206
0.148206 0.107038
0.077181 0.122605
0.094697 0.071429
0.071429 0.115983
0.115983 0.087023
0.087023 0.087805
0.087805 0.102222
0.102222 0.071066
0.071066 0.165846
0.165846 0.104027
0.104027 0.150990
0.150990 0.107438
0.107438 0.129979
0.129979 0.134259
0.134259 0.092820
0.092820 0.081967
0.044993 0.058908
0.058908 0.050725
0.050725 0.083333
0.083333 0.082168
0.082168 0.068027
0.068027 0.099071
0.099071 0.078582
0.078582 0.111317
0.111317 0.076271
0.076271 0.053016
0.053016 0.069721
0.074219 0.085185
0.085185 0.117834
0.117834 0.086758
0.086758 0.092647
0.092647 0.076190
0.076190 0.138211
0.138211 0.076923
0.076923 0.102467
0.102467 0.092184
0.092184 0.128440
0.128440 0.141684
0.141684 0.118721
0.102236 0.141907
0.141907 0.089623
0.120553 0.120120
0.053254 0.073477
0.073477 0.053892
0.053892 0.114286
0.114286 0.100000
0.100000 0.072816
0.072816 0.065934
0.065934 0.058824
0.058824 0.064516
0.064516 0.102113
0.102113 0.069869
0.069869 0.068293
0.068293 0.064000
0.064000 0.073620
0.073620 0.033113
0.108247 0.068657
0.068657 0.095969
0.095969 0.145585
0.145585 0.108014
0.108014 0.090909
0.090909 0.114583
0.114583 0.154589
0.154589 0.068182
0.085165 0.062670
0.062670 0.068282
0.068282 0.098522
0.098522 0.073434
0.073434 0.077778
0.077778 0.087137
0.087137 0.104918
0.104918 0.099174
0.099174 0.091121
0.091121 0.076503
0.076503 0.054688
0.085648 0.083499
0.083499 0.060800
0.060800 0.058568
0.058568 0.123894
0.123894 0.135857
0.112805 0.099071
0.099071 0.115044
0.115044 0.072626
0.072626 0.133333
0.133333 0.078704
0.078704 0.135870
0.135870 0.209877
0.209877 0.099237
0.098684 0.097826
0.097826 0.130016
0.130016 0.125214
0.125214 0.178248
0.047210 0.075658
0.075658 0.055000
0.055000 0.062500
0.062500 0.111111
0.111111 0.069597
0.069597 0.101695
0.101695 0.055556
0.155779 0.124031
0.124031 0.153374
0.153374 0.155120
0.155120 0.121212
0.121212 0.149742
0.141270 0.142276
0.170455 0.175940
0.175940 0.144404
0.064327 0.081456
0.081456 0.084437
0.084437 0.064356
0.064356 0.086262
0.086262 0.103020
0.060417 0.070707
0.070707 0.026316
0.081340 0.110778
0.110778 0.105185
0.105185 0.068554
0.068554 0.084165
0.084165 0.079412
0.079412 0.121107
0.121107 0.091311
0.091311 0.114467
0.093878 0.064000
0.064000 0.083942
0.083942 0.068027
0.174757 0.145695
0.145695 0.070111
0.070111 0.114286
0.114286 0.102767
0.102767 0.129032
0.071217 0.058366
0.122271 0.134146
0.160417 0.149606
0.149606 0.128391
0.128391 0.148338
0.148338 0.123989
0.100917 0.096386
0.138365 0.101806
0.101806 0.088685
0.088685 0.106481
0.106481 0.064935
0.064935 0.052980
0.135593 0.118056
0.118056 0.123116
0.123116 0.092199
0.092199 0.100707
0.100707 0.107317
0.107317 0.082822
0.074866 0.076056
0.076056 0.040000
0.142857 0.090909
0.109890 0.138350
0.138350 0.106090
0.095808 0.116071
0.116071 0.074074
0.074074 0.132841
0.132841 0.100671
0.035398 0.046434
0.046434 0.032037
0.032037 0.052516
0.052516 0.061584
0.061584 0.051780
0.051780 0.048980
0.048980 0.049020
0.049020 0.031553
0.060185 0.039344
0.039344 0.070866
0.094340 0.062366
0.051402 0.073986
0.073986 0.096339
0.096339 0.115806
0.115806 0.147385
0.147385 0.097384
0.097384 0.129272
0.129272 0.107861
0.107861 0.121260
0.121260 0.106667
0.106667 0.103044
0.103044 0.110169
0.110169 0.086179
0.086179 0.086957
0.086957 0.084453
0.084453 0.120235
0.050505 0.071197
0.071197 0.046809
0.067376 0.074074
0.074074 0.094828
0.128514 0.145414
0.145414 0.116279
0.116279 0.089005
0.089005 0.108247
0.108247 0.115152
0.140940 0.132420
0.114943 0.072727
0.072727 0.123288
0.123288 0.077181
0.077181 0.076923
0.056180 0.079470
0.079470 0.100478
0.100478 0.087986
0.087986 0.101617
0.092040 0.090909
0.090909 0.118987
0.118987 0.110577
0.110577 0.104925
0.104925 0.094118
0.094118 0.133758
0.133758 0.123762
0.123762 0.102459
0.102459 0.092199
0.136508 0.095477
0.129771 0.140652
0.140652 0.081633
0.081633 0.107717
0.107717 0.109890
0.109890 0.142029
0.142029 0.123348
0.123348 0.106383
0.106383 0.119632
0.119632 0.128521
0.094406 0.100304
0.100304 0.093458
0.093458 0.111111
0.111111 0.090164
0.090164 0.125984
0.125984 0.111789
0.111789 0.115741
0.106796 0.111486
0.111486 0.074689
0.074689 0.100233
0.100233 0.095477
0.088346 0.096842
0.096842 0.154378
0.154378 0.146341
0.146341 0.128472
0.128472 0.108280
0.108280 0.106942
0.106942 0.103448
0.103448 0.133047
0.133047 0.140594
0.140594 0.143898
0.143898 0.211340
0.211340 0.108527
0.108527 0.087805
0.103774 0.099099
0.099099 0.072664
0.072664 0.051502
0.051502 0.137705
0.137705 0.145374
0.145374 0.084112
0.084112 0.063584
0.063584 0.138028
0.089655 0.132597
0.132597 0.105566
0.105566 0.114973
0.114973 0.122302
0.122302 0.116402
0.164912 0.124417
0.124417 0.127530
0.066116 0.116279
0.116279 0.128964
0.128964 0.125468
0.125468 0.140294
0.140294 0.132570
0.132570 0.133443
0.133443 0.065041
0.160671 0.136861
0.136861 0.177814
0.177814 0.138322
0.138322 0.183099
0.183099 0.163575
0.163575 0.144050
0.144050 0.090253
0.148265 0.142045
0.142045 0.136691
0.102564 0.135593
0.135593 0.108696
0.108696 0.105372
0.105372 0.109966
0.109966 0.139706
0.139706 0.088777
0.088777 0.120792
0.120792 0.086142
0.065327 0.073407
0.073407 0.070994
0.070994 0.077744
0.077744 0.077170
0.077170 0.097152
0.097152 0.110092
0.110092 0.105563
0.105563 0.084091
0.084091 0.077280
0.077280 0.075085
0.091864 0.102694
0.163317 0.099388
0.099388 0.099237
0.099237 0.099315
0.099315 0.103858
0.103858 0.102473
0.102473 0.111570
0.111570 0.096154
0.096154 0.145540
0.096618 0.107477
0.107477 0.141085
0.141085 0.101106
0.101106 0.150430
0.150430 0.143478
0.143478 0.108108
0.108108 0.135447
0.135447 0.106557
0.095116 0.143075
0.143075 0.133431
0.133431 0.127301
0.127301 0.131657
0.131657 0.143229
0.143229 0.077869
0.077869 0.055172
0.063014 0.042735
0.042735 0.061420
0.061420 0.092545
0.092545 0.094050
0.094050 0.104859
0.104859 0.133536
0.133536 0.139818
0.139818 0.096629
0.096629 0.077406
0.077406 0.117089
0.117089 0.185039
0.185039 0.099502
0.061983 0.099567
0.099567 0.064286
0.064286 0.084239
0.084239 0.078778
0.078778 0.158046
0.158046 0.094281
0.094281 0.139028
0.060870 0.059105
0.059105 0.101420
0.068627 0.057143
0.088757 0.086486
0.086486 0.110092
0.110092 0.079235
0.079235 0.102450
0.102450 0.079051
0.109005 0.102740
0.102740 0.137363
0.137363 0.088670
0.088670 0.075000
0.075342 0.095694
0.104283 0.094017
0.103560 0.137153
0.137153 0.176471
0.176471 0.145234
0.145234 0.191935
0.191935 0.191667
0.191667 0.129630
0.116438 0.175824
0.175824 0.139373
0.139373 0.163158
0.163158 0.110795
0.110795 0.116129
0.126761 0.088608
0.130435 0.039683
0.039683 0.060870
0.060870 0.047170
0.097826 0.068852
0.068852 0.083333
0.121387 0.076628
0.076628 0.095517
0.095517 0.079151
0.175487 0.190291
0.190291 0.179798
0.179798 0.125000
0.125000 0.169580
0.169580 0.154897
0.154897 0.147287
0.147287 0.164815
0.164815 0.149742
0.181818 0.173010
0.173010 0.150562
0.150562 0.147059
0.147059 0.160211
0.160211 0.170792
0.170792 0.144578
0.144578 0.098093
0.098093 0.119639
0.119639 0.178707
0.178707 0.137931
0.137931 0.122807
0.131810 0.118280
0.149606 0.152299
0.152299 0.093750
0.143777 0.130312
0.074725 0.100703
0.125270 0.119306
0.119306 0.082915
0.082915 0.126374
0.126374 0.088670
0.088670 0.091787
0.113924 0.120000
0.120000 0.125245
0.125245 0.112903
0.112903 0.097561
0.097561 0.090164
0.118605 0.099812
0.106796 0.101498
0.101498 0.127886
0.127886 0.096284
0.096284 0.120879
0.120879 0.116564
0.116564 0.118483
0.118483 0.096591
0.155668 0.144330
0.144330 0.168504
0.168504 0.139640
0.139640 0.143533
0.143533 0.159011
0.159011 0.129693
0.129693 0.193548
0.193548 0.136678
0.072626 0.081232
0.081232 0.088296
0.088296 0.082500
0.082500 0.095469
0.095469 0.118243
0.118243 0.093275
0.093275 0.076172
0.076172 0.073770
0.073770 0.071295
0.071295 0.096491
0.096491 0.078431
0.061135 0.080247
0.084862 0.079710
0.079710 0.108949
0.165138 0.094675
0.116424 0.147059
0.147059 0.136986
0.085779 0.102837
0.102837 0.136364
0.136364 0.123711
0.123711 0.084967
0.145215 0.142096
0.142096 0.115632
0.115632 0.163636
0.163636 0.144804
0.107692 0.130909
0.130909 0.171806
0.171806 0.128788
0.128788 0.083969
0.118110 0.152174
0.152174 0.100917
0.059072 0.044444
0.044444 0.081448
0.081448 0.098985
0.098985 0.097276
0.097276 0.118590
0.118590 0.125356
0.125356 0.087719
0.111922 0.156951
0.156951 0.123364
0.123364 0.156250
0.156250 0.196035
0.196035 0.081699
0.122120 0.145299
0.145299 0.187166
0.187166 0.171053
0.044444 0.120521
0.120521 0.174298
0.174298 0.128405
0.128405 0.124611
0.124611 0.131119
0.131119 0.186010
0.186010 0.153974
0.153974 0.155456
0.155456 0.163082
0.163082 0.181518
0.181518 0.166954
0.166954 0.165736
0.165736 0.184692
0.184692 0.141361
0.141361 0.162641
0.162641 0.106987
0.106987 0.138699
0.138699 0.157116
0.157116 0.112186
0.112186 0.114973
0.088106 0.086957
0.086957 0.136364
0.136364 0.104135
0.104135 0.096774
0.096774 0.146597
0.115385 0.119497
0.119497 0.102902
0.102902 0.050000
0.082816 0.131420
0.131420 0.124805
0.124805 0.111290
0.111290 0.080858
0.080858 0.108108
0.108108 0.120192
0.138107 0.109091
0.109091 0.102703
0.138973 0.123023
0.106272 0.066815
0.066815 0.055000
0.107011 0.078571
0.061069 0.051136
0.051136 0.079545
0.079545 0.080460
0.144068 0.100179
0.100179 0.103187
0.061834 0.032000
0.052632 0.070588
0.070588 0.035608
0.035608 0.060000
0.060000 0.079365
0.079365 0.087719
0.092593 0.089286
0.089286 0.075630
0.075630 0.087302
0.087302 0.151515
0.151515 0.068376
0.138095 0.165394
0.165394 0.127604
0.127604 0.134503
0.184524 0.092683
0.222628 0.137931
0.149780 0.190323
0.190323 0.127049
0.127049 0.157025
0.157025 0.146988
0.146988 0.167665
0.124378 0.107477
0.107477 0.154150
0.154150 0.153488
0.153488 0.114478
0.114478 0.154198
0.154198 0.134731
0.063433 0.042194
0.042194 0.024194
0.024194 0.098827
0.098827 0.111111
0.111111 0.091743
0.091743 0.058621
0.133929 0.135678
0.135678 0.107943
0.107943 0.143552
0.142222 0.071685
0.137380 0.133333
0.045455 0.080402
0.080402 0.086882
0.133065 0.162095
0.162095 0.130672
0.130672 0.140684
0.140684 0.135906
0.135906 0.105634
0.105634 0.106145
0.100592 0.093168
0.028037 0.136000
0.141026 0.155405
0.096447 0.093333
0.091743 0.053254
0.114630 0.085185
0.085185 0.108939
0.108939 0.112601
0.112601 0.086475
0.086475 0.123732
0.123732 0.131720
0.131720 0.156118
0.156118 0.146930
0.146930 0.104255
0.104255 0.131455
0.038095 0.016260
0.095541 0.116505
0.145251 0.070312
0.153025 0.134168
0.134168 0.127168
0.083333 0.107306
0.107306 0.096708
0.096708 0.161202
0.161202 0.125234
0.125234 0.057644
0.135593 0.076271
0.076271 0.090395
0.090395 0.116848
0.116848 0.107914
0.107914 0.102941
0.111111 0.075342
0.099415 0.119403
0.119403 0.078899
0.078899 0.012346
0.062361 0.086572
0.148368 0.179173
0.179173 0.128205
0.128205 0.120795
0.120795 0.114525
0.089109 0.104839
0.104839 0.037383
0.071429 0.118227
0.118227 0.096154
0.097561 0.092672
0.092672 0.082822
0.082822 0.110619
0.096774 0.088921
0.060606 0.082707
0.082707 0.056604
0.056604 0.062500
0.062500 0.037383
0.067653 0.071563
0.071563 0.087302
0.087302 0.051724
0.051724 0.070400
0.070400 0.044118
0.044118 0.083643
0.083643 0.092896
0.092896 0.115023
0.115023 0.126984
0.126984 0.141243
0.141243 0.109705
0.138365 0.115160
0.115160 0.184211
0.184211 0.170897
0.170897 0.109620
0.109620 0.144330
0.144330 0.116945
0.116945 0.113573
0.113573 0.078947
0.058333 0.062284
0.062284 0.107078
0.107078 0.093946
0.093946 0.076433
0.076433 0.077228
0.077228 0.112717
0.057895 0.068000
0.068000 0.088312
0.146552 0.120996
0.120996 0.099515
0.099515 0.160596
0.160596 0.160131
0.160131 0.100000
0.100000 0.130973
0.130973 0.119748
0.119748 0.112933
0.112933 0.056140
0.056140 0.086076
0.086076 0.076696
0.084469 0.023121
0.187500 0.156309
0.156309 0.158960
0.158960 0.139949
0.139949 0.162063
0.162063 0.168627
0.168627 0.122807
0.176339 0.195246
0.195246 0.203571
0.203571 0.143204
0.143204 0.163097
0.163097 0.106227
0.106227 0.192496
0.192496 0.136637
0.136637 0.155629
0.078189 0.131841
0.062780 0.133333
0.133333 0.062069
0.175439 0.140952
0.140952 0.139089
0.139089 0.144144
0.161850 0.169291
0.169291 0.188776
0.188776 0.140984
0.080537 0.086957
0.130795 0.116942
0.116942 0.079254
0.079254 0.103550
0.103550 0.123457
0.123457 0.097643
0.059406 0.124138
0.124138 0.140481
0.140481 0.106732
0.106732 0.100917
0.107784 0.061224
0.107383 0.107843
0.107843 0.121951
0.121951 0.093117
0.116208 0.172676
0.172676 0.094421
0.121795 0.130097
0.064433 0.066667
0.066667 0.073638
0.073638 0.073005
0.073005 0.073864
0.073864 0.054217
0.054217 0.063927
0.063927 0.066148
0.066148 0.066351
0.066351 0.084615
0.093168 0.088957
0.088957 0.077982
0.044248 0.130952
0.064000 0.102740
0.102740 0.096552
0.096552 0.121849
0.121849 0.138329
0.138329 0.123620
0.123620 0.102273
0.045113 0.053333
0.119048 0.105263
0.079096 0.116667
0.116667 0.144928
0.144928 0.072115
0.072115 0.105096
0.105096 0.044248
0.044248 0.078481
0.078481 0.041534
0.041534 0.134615
0.134615 0.088889
0.088889 0.087523
0.087523 0.095563
0.081272 0.133226
0.133226 0.115672
0.115672 0.097619
0.097619 0.096525
0.096525 0.125954
0.125954 0.098532
0.098532 0.094877
0.094877 0.093548
0.093548 0.112745
0.039130 0.094044
0.094044 0.062212
0.139037 0.116022
0.116022 0.073913
0.104000 0.110955
0.110955 0.119403
0.119403 0.118721
0.118721 0.116883
0.116883 0.137195
0.137195 0.113671
0.113671 0.106481
0.106481 0.112500
0.112500 0.120444
0.120444 0.093904
0.093904 0.084416
0.084416 0.088652
0.112426 0.088115
0.088115 0.085890
0.085890 0.100840
0.100840 0.098385
0.106870 0.117845
0.117845 0.088462
0.088462 0.091904
0.096210 0.097826
0.097826 0.123239
0.123239 0.104396
0.104396 0.130045
0.130045 0.135647
0.135647 0.129187
0.129187 0.100000
0.085714 0.092308
0.092308 0.114914
0.114914 0.103139
0.103139 0.093939
0.088154 0.061706
0.061706 0.069288
0.069288 0.084309
0.084309 0.105572
0.135678 0.089172
0.089172 0.110694
0.110694 0.083736
0.083736 0.109453
0.109453 0.113821
0.113821 0.125604
0.125604 0.092511
0.108911 0.048980
0.048980 0.099237
0.146617 0.111607
0.111607 0.105991
0.105991 0.082734
0.082734 0.081633
0.085271 0.091566
0.091566 0.105590
0.105590 0.097387
0.117978 0.108392
0.108392 0.079545
0.128814 0.096257
0.047794 0.062606
0.062606 0.064677
0.064677 0.081662
0.081662 0.083671
0.083671 0.087156
0.087156 0.066440
0.066440 0.065041
0.065041 0.070028
0.085714 0.052632
0.052632 0.045455
0.045455 0.077957
0.077957 0.070136
0.070136 0.079096
0.079096 0.063291
0.063291 0.049342
0.049342 0.064909
0.076459 0.106858
0.106858 0.132212
0.132212 0.136076
0.136076 0.084437
0.084437 0.130548
0.130548 0.101562
0.101562 0.120419
0.120419 0.132635
0.132635 0.118261
0.118261 0.115974
0.115974 0.135624
0.135624 0.109966
0.109966 0.099576
0.099576 0.084656
0.100642 0.084034
0.184397 0.161184
0.161184 0.155914
0.155914 0.151943
0.151943 0.116761
0.116761 0.114130
0.114130 0.118644
0.118644 0.116959
0.110553 0.149758
0.149758 0.142857
0.087935 0.096552
0.096552 0.107221
0.107221 0.117534
0.117534 0.178445
0.178445 0.119565
0.119565 0.108527
0.108527 0.150268
0.150268 0.131367
0.136054 0.058824
0.094340 0.085000
0.070064 0.073353
0.073353 0.075353
0.075353 0.085561
0.056818 0.077966
0.077966 0.110879
0.110879 0.079365
0.087591 0.029126
0.029126 0.121076
0.109677 0.109091
0.064078 0.079332
0.079332 0.080597
0.060163 0.057096
0.057096 0.056474
0.056474 0.040733
0.040733 0.089983
0.089983 0.087218
0.087218 0.105491
0.105491 0.078400
0.078400 0.069959
0.069959 0.084677
0.084677 0.119430
0.119430 0.134831
0.135385 0.115183
0.056604 0.122093
0.122093 0.119760
0.119760 0.083624
0.083624 0.111111
0.111111 0.054475
0.054475 0.069767
0.069767 0.096774
0.096774 0.146552
0.146552 0.116883
0.116883 0.093897
0.093897 0.171875
0.171875 0.163934
0.163934 0.091205
0.082031 0.117647
0.117647 0.088608
0.088608 0.107422
0.107422 0.089623
0.089623 0.144366
0.144366 0.121655
0.121655 0.088670
0.088670 0.121951
0.121951 0.117647
0.117647 0.136095
0.136095 0.111570
0.111570 0.048544
0.070796 0.156863
0.130435 0.111293
0.111293 0.144560
0.144560 0.142857
0.142857 0.171184
0.171184 0.157025
0.157025 0.201550
0.201550 0.154198
0.154198 0.154286
0.154286 0.127854
0.127854 0.140590
0.140590 0.148688
0.148688 0.160202
0.160202 0.121593
0.173554 0.114841
0.114841 0.134752
0.134752 0.130782
0.130782 0.196141
0.196141 0.127615
0.127615 0.102649
0.102649 0.157798
0.157798 0.148000
0.148000 0.131667
0.131667 0.133858
0.133858 0.146930
0.146930 0.136986
0.136986 0.110778
0.113300 0.103139
0.073350 0.100719
0.044118 0.090476
0.090476 0.085551
0.085551 0.101215
0.101215 0.067485
0.110169 0.113772
0.113772 0.132118
0.088889 0.082294
0.102339 0.075949
0.093633 0.085714
0.081911 0.057692
0.057692 0.028653
0.028653 0.080952
0.080952 0.081818
0.081818 0.091633
0.070312 0.083156
0.083156 0.048193
0.048193 0.071130
0.120332 0.122186
0.122186 0.087108
0.110048 0.116041
0.116041 0.122720
0.122720 0.105426
0.105426 0.105719
0.105719 0.125214
0.125214 0.114286
0.114286 0.142523
0.142523 0.092754
0.092754 0.073930
0.073930 0.097458
0.106090 0.113274
0.113274 0.142857
0.142857 0.078632
0.078632 0.086444
0.086444 0.151852
0.124646 0.097070
0.097070 0.140625
0.140625 0.149842
0.149842 0.128302
0.128302 0.101149
0.101149 0.091314
0.117188 0.142518
0.111111 0.092105
0.092105 0.095571
0.095571 0.133087
0.100719 0.080851
0.080851 0.196759
0.196759 0.173824
0.173824 0.123188
0.123188 0.105398
0.105398 0.145929
0.086817 0.080000
0.080000 0.070796
0.065421 0.070957
0.070957 0.063604
0.063604 0.081169
0.081169 0.080696
0.080696 0.093694
0.093694 0.081683
0.081683 0.071082
0.071082 0.047847
0.081281 0.081579
0.081579 0.077922
0.077922 0.118943
0.118943 0.100775
0.087879 0.095607
0.095607 0.148515
0.104762 0.122363
0.121951 0.080717
0.081818 0.125483
0.125483 0.120148
0.120148 0.168440
0.168440 0.146409
0.146409 0.168224
0.168224 0.142114
0.142114 0.100239
0.100239 0.153409
0.065041 0.090196
0.090196 0.115254
0.069930 0.121495
0.121495 0.071429
0.071429 0.143836
0.143836 0.127148
0.127148 0.130435
0.130435 0.135531
0.135531 0.123894
0.123894 0.064865
0.115789 0.118033
0.118033 0.088339
0.088339 0.133333
0.133333 0.160494
0.160494 0.129568
0.129568 0.136564
0.084433 0.084806
0.060345 0.069231
0.069231 0.120141
0.056872 0.068182
0.068182 0.092637
0.102041 0.085965
0.085938 0.116279
0.116279 0.117647
0.117647 0.120805
0.120805 0.126079
0.126079 0.135185
0.135185 0.093633
0.093633 0.115044
0.104918 0.166163
0.166163 0.199450
0.199450 0.152291
0.152291 0.182830
0.182830 0.135177
0.135177 0.163059
0.163059 0.098131
0.095868 0.128527
0.128527 0.117409
0.117409 0.125186
0.125186 0.102073
0.102073 0.114391
0.114391 0.129496
0.129496 0.121163
0.121163 0.156542
0.156542 0.120290
0.120290 0.095057
0.095057 0.134868
0.134868 0.110497
0.110497 0.106481
0.139159 0.090361
0.120763 0.132890
0.132890 0.165414
0.165414 0.144838
0.144838 0.162791
0.162791 0.151468
0.151468 0.177966
0.177966 0.144068
0.144068 0.158147
0.158147 0.186964
0.186964 0.157393
0.157393 0.135593
0.135593 0.140530
0.140530 0.129707
0.182482 0.092715
0.092715 0.096273
0.096273 0.119205
0.119205 0.124105
0.105023 0.095607
0.126697 0.127226
0.127226 0.093220
0.093220 0.090909
0.090909 0.096154
0.080460 0.090909
0.090909 0.170068
0.170068 0.156740
0.156740 0.134766
0.134766 0.155198
0.155198 0.137681
0.137681 0.127925
0.127925 0.119250
0.119250 0.136784
0.136784 0.139456
0.139456 0.125000
0.074434 0.098546
0.098546 0.113997
0.113997 0.113772
0.113772 0.090426
0.090426 0.075893
0.118056 0.078689
0.078689 0.067961
0.067961 0.061224
0.061224 0.066667
0.162162 0.090909
0.089600 0.079121
0.079121 0.080268
0.080268 0.151515
0.130573 0.096078
0.096078 0.094192
0.094192 0.146712
0.146712 0.089362
0.115124 0.100971
0.100971 0.108108
0.108108 0.116041
0.116041 0.127778
0.127778 0.102784
0.102784 0.088542
0.088542 0.077778
0.077778 0.087619
0.087619 0.080925
0.077220 0.128272
0.128272 0.080882
0.149485 0.146341
0.146341 0.077778
0.077778 0.074534
0.089172 0.131148
0.131148 0.081967
0.173516 0.166124
0.166124 0.133690
0.133690 0.206897
0.206897 0.162679
0.162679 0.124424
0.124424 0.143975
0.143975 0.163265
0.163265 0.168831
0.168831 0.172697
0.172697 0.202247
0.202247 0.197492
0.197492 0.174129
0.174129 0.115132
0.115132 0.151515
0.151515 0.142534
0.142534 0.143158
0.143158 0.160714
0.156934 0.164524
0.164524 0.145038
0.145038 0.123077
0.092920 0.076205
0.076205 0.112311
0.112311 0.075975
0.075975 0.081481
0.077922 0.075988
0.127563 0.118859
0.118859 0.082781
0.082781 0.125767
0.125767 0.089054
0.089054 0.161043
0.161043 0.083333
0.083333 0.080569
0.080569 0.114391
0.120787 0.131621
0.131621 0.135294
0.135294 0.133739
0.184087 0.155906
0.155906 0.161840
0.161840 0.166154
0.118519 0.051613
0.051613 0.075085
0.075085 0.083799
0.083799 0.071006
0.071006 0.090062
0.090062 0.084337
0.084337 0.075221
0.082164 0.060377
0.060377 0.121739
0.126374 0.096045
0.096045 0.247619
0.247619 0.130890
0.130890 0.144975
0.144975 0.129799
0.129799 0.119869
0.119869 0.127778
0.127778 0.104046
0.104046 0.167043
0.167043 0.156015
0.156015 0.083141
0.083141 0.196746
0.196746 0.125382
0.125382 0.116343
0.116343 0.189702
0.189702 0.123746
0.090323 0.131349
0.131349 0.121753
0.121753 0.149766
0.149766 0.148670
0.148670 0.165000
0.165000 0.141903
0.141903 0.136439
0.059809 0.083039
0.083039 0.054054
0.054054 0.090517
0.090517 0.052239
0.082278 0.063492
0.086505 0.116981
0.116981 0.093750
0.093750 0.106312
0.106312 0.116352
0.072319 0.045902
0.045902 0.086614
0.042139 0.053147
0.053147 0.054945
0.054945 0.047393
0.047393 0.050980
0.050980 0.053407
0.053407 0.052117
0.052117 0.043478
0.066667 0.107639
0.093439 0.050794
0.050794 0.140845
0.140845 0.117400
0.117400 0.129825
0.129825 0.124561
0.124561 0.082707
0.082707 0.144254
0.144254 0.068063
0.127841 0.176829
0.060811 0.055215
0.055215 0.043478
0.043478 0.079848
0.079848 0.080972
0.080972 0.068602
0.068602 0.087838
0.087838 0.067797
0.129032 0.044586
0.046053 0.045802
0.135135 0.085487
0.085487 0.068111
0.068111 0.114504
0.114504 0.086262
0.086262 0.109091
0.109091 0.067642
0.067642 0.057377
0.057377 0.080851
0.080851 0.094017
0.094017 0.083333
0.083333 0.071672
0.071672 0.085106
0.077670 0.101351
0.101351 0.131579
0.068584 0.056507
0.056507 0.073048
0.073048 0.063462
0.063462 0.101732
0.101732 0.079498
0.089835 0.138728
0.138728 0.109375
0.109375 0.113725
0.113725 0.152642
0.152642 0.125828
0.125828 0.114114
0.114114 0.155440
0.155440 0.116438
0.122314 0.091317
0.091317 0.159754
0.159754 0.171852
0.171852 0.113821
0.113821 0.132331
0.132331 0.151917
0.151917 0.125392
0.125392 0.141538
0.141538 0.156716
0.156716 0.129134
0.129134 0.092593
0.092593 0.082645
0.054581 0.082873
0.118132 0.119816
0.147651 0.141343
0.141343 0.195312
0.195312 0.157895
0.080935 0.096124
0.096124 0.072266
0.072266 0.066901
0.066901 0.094541
0.094541 0.068915
0.074766 0.114108
0.114108 0.138376
0.138376 0.086957
0.086957 0.080460
0.080460 0.098253
0.126362 0.087034
0.087034 0.112266
0.112266 0.083710
0.083710 0.136919
0.136919 0.080769
0.080769 0.086022
0.086022 0.094003
0.094003 0.102916
0.102916 0.128120
0.128120 0.105263
0.105263 0.143577
0.112108 0.160256
0.160256 0.165354
0.165354 0.096154
0.083499 0.130178
0.130178 0.078838
0.078838 0.088136
0.088136 0.097289
0.097289 0.091678
0.091678 0.096629
0.096629 0.124498
0.124498 0.128882
0.128882 0.091837
0.091837 0.094527
0.094527 0.136905
0.136905 0.066351
0.066351 0.175719
0.175719 0.062500
0.144949 0.107383
0.107383 0.106732
0.106732 0.138354
0.147314 0.080321
0.144796 0.116838
0.116838 0.141384
0.141384 0.106335
0.155844 0.119772
0.084444 0.110687
0.110687 0.055172
0.055172 0.107656
0.107656 0.108772
0.108772 0.102151
0.102151 0.084270
0.084270 0.052632
0.052632 0.091463
0.091463 0.080992
0.080992 0.083744
0.083744 0.080311
0.080311 0.148289
0.148289 0.056000
0.105991 0.076923
0.105042 0.182573
0.182573 0.056911
0.134831 0.224242
0.139194 0.126168
0.126168 0.133829
0.045802 0.080952
0.080952 0.138983
0.138983 0.141304
0.141304 0.114923
0.114923 0.128253
0.128253 0.092184
0.092184 0.116183
0.116183 0.138889
0.138889 0.091912
0.091912 0.238095
0.169591 0.172093
0.172093 0.127820
0.127820 0.113086
0.113086 0.148423
0.148423 0.158921
0.158921 0.121166
0.121166 0.143322
0.143322 0.113879
0.113879 0.100865
0.085106 0.063790
0.063790 0.053140
0.053140 0.091149
0.091149 0.048322
0.048322 0.074786
0.074786 0.062323
0.062323 0.058275
0.104294 0.099476
0.056497 0.079545
0.079545 0.072414
0.065449 0.079027
0.079027 0.081277
0.081277 0.107353
0.107353 0.117479
0.117479 0.104524
0.104524 0.147105
0.147105 0.185309
0.185309 0.120930
0.120930 0.140713
0.140713 0.059480
0.059480 0.087189
0.087189 0.082011
0.082011 0.110108
0.110108 0.117063
0.117063 0.098174
0.081301 0.130112
0.130112 0.085586
0.085586 0.107937
0.107937 0.105556
0.143678 0.135952
0.135952 0.085603
0.085603 0.148398
0.148398 0.120419
0.129630 0.135294
0.076923 0.087760
0.087760 0.053333
0.053333 0.116105
0.116105 0.071795
0.106977 0.104369
0.104369 0.097561
0.097561 0.134106
0.134106 0.133721
0.133721 0.104478
0.104478 0.128743
0.128743 0.143284
0.143284 0.076087
0.076087 0.075175
0.075175 0.104723
0.052239 0.108108
0.108108 0.088957
0.088957 0.128134
0.128134 0.153425
0.153425 0.090164
0.089286 0.076923
0.076923 0.113333
0.113333 0.117073
0.117073 0.070336
0.125673 0.120098
0.120098 0.087336
0.069307 0.046154
0.099150 0.114754
0.114754 0.110818
0.110818 0.133489
0.133489 0.113924
0.113924 0.118280
0.118280 0.120301
0.120301 0.093851
0.093851 0.133333
0.060890 0.074219
0.074219 0.091811
0.091811 0.085333
0.085333 0.094855
0.094855 0.091429
0.091429 0.127580
0.127580 0.119205
0.101796 0.141638
0.141638 0.125000
0.125000 0.094395
0.094395 0.127168
0.131200 0.114706
0.114706 0.150641
0.150641 0.146789
0.146789 0.141369
0.141369 0.129602
0.129602 0.143987
0.143987 0.144231
0.144231 0.137134
0.137134 0.109402
0.109402 0.095238
0.112245 0.165217
0.165217 0.184615
0.184615 0.192308
0.135506 0.132867
0.132867 0.140600
0.140600 0.120192
0.120192 0.156160
0.156160 0.176128
0.176128 0.144718
0.144718 0.155899
0.155899 0.119942
0.119942 0.151515
0.151515 0.114754
0.114754 0.129830
0.129830 0.139594
0.081800 0.096866
0.096866 0.125786
0.125786 0.142424
0.142424 0.137363
0.137363 0.136012
0.136012 0.095315
0.095315 0.097500
0.097500 0.123239
0.123239 0.111111
0.111111 0.145946
0.132132 0.137681
0.137681 0.144105
0.144105 0.169839
0.169839 0.184834
0.184834 0.175439
0.175439 0.163235
0.163235 0.156028
0.156028 0.183161
0.183161 0.145329
0.145329 0.131124
0.131124 0.123348
0.123348 0.127536
0.127536 0.147287
0.092105 0.145729
0.145729 0.107784
0.132353 0.146341
0.146341 0.075893
0.104938 0.097902
0.097902 0.074766
0.099617 0.097946
0.097946 0.124638
0.124638 0.112360
0.112360 0.126365
0.126365 0.117555
0.117555 0.140649
0.140649 0.141768
0.141768 0.161145
0.161145 0.140483
0.140483 0.124150
0.124150 0.121951
0.121951 0.114428
0.114428 0.119306
0.119306 0.144509
0.144509 0.139785
0.139785 0.118447
0.118447 0.137500
0.137500 0.164179
0.164179 0.134615
0.126316 0.055970
0.037736 0.083095
0.083095 0.064407
0.064407 0.072937
0.072937 0.069284
0.087209 0.109966
0.109966 0.128623
0.128623 0.118143
0.118143 0.065502
0.065502 0.111940
0.111940 0.047619
0.124528 0.071661
0.071661 0.099291
0.110294 0.120000
0.120000 0.121951
0.060465 0.109453
0.109453 0.097826
0.097826 0.061404
0.039604 0.037037
0.093220 0.094340
0.094340 0.114286
0.114286 0.056911
0.056911 0.077519
0.077519 0.089552
0.009709 0.051724
0.051724 0.072727
0.049180 0.071672
0.071672 0.076046
0.171260 0.124706
0.124706 0.134483
0.134483 0.067797
0.088353 0.080460
0.136364 0.098485
0.098485 0.144628
0.144628 0.118812
0.171875 0.162037
0.162037 0.120773
0.120773 0.137850
0.137850 0.148649
0.148649 0.101523
0.071567 0.073171
0.073171 0.073892
0.073892 0.078049
0.028169 0.052960
0.052960 0.052381
0.052381 0.068910
0.068910 0.045926
0.045926 0.040359
0.026525 0.053476
0.053476 0.038000
0.038000 0.074534
0.097665 0.102041
0.072917 0.076923
0.076923 0.064220
0.080645 0.074766
0.074766 0.064327
0.080460 0.094650
0.094650 0.107143
0.107143 0.065891
0.065891 0.068223
0.068223 0.065089
0.051813 0.074153
0.074153 0.080537
0.080537 0.084806
0.084806 0.085288
0.116279 0.071429
0.070866 0.154867
0.154867 0.066265
0.090136 0.137694
0.137694 0.140458
0.140458 0.140406
0.140406 0.137931
0.137931 0.113057
0.113057 0.085139
0.085139 0.064748
0.059701 0.102941
0.102941 0.078992
0.078992 0.094771
0.094771 0.063228
0.063228 0.058219
0.058219 0.075085
0.075085 0.088123
0.088123 0.061350
0.061350 0.041543
0.041543 0.076023
0.115672 0.077320
0.077320 0.083538
0.083538 0.084599
0.084599 0.091116
0.091116 0.120521
0.120521 0.089552
0.109890 0.055901
0.055901 0.100346
0.100346 0.100840
0.100840 0.144615
0.144615 0.122736
0.122736 0.136622
0.136622 0.141608
0.141608 0.178788
0.178788 0.159292
0.159292 0.150665
0.150665 0.136646
0.136646 0.117878
0.117878 0.154822
0.154822 0.138021
0.139442 0.136289
0.136289 0.111693
0.111693 0.145425
0.145425 0.143478
0.143478 0.128593
0.128593 0.126126
0.126126 0.126819
0.126819 0.131833
0.131833 0.156690
0.156690 0.141264
0.141264 0.165021
0.165021 0.122768
0.122768 0.158661
0.158661 0.126506
0.126506 0.094444
0.142857 0.127139
0.082569 0.095137
0.090000 0.089552
0.157303 0.136961
0.136961 0.154167
0.154167 0.138298
0.081886 0.079897
0.106918 0.069620
0.069620 0.096610
0.048159 0.047393
0.082278 0.076923
0.076923 0.088803
0.088803 0.073846
0.073846 0.066908
0.048165 0.043478
0.064904 0.123318
0.123318 0.122581
0.082707 0.085288
0.085288 0.115917
0.115917 0.137874
0.137874 0.104651
0.104651 0.135266
0.135266 0.111111
0.111111 0.122016
0.122016 0.113475
0.113475 0.091892
0.091892 0.062016
0.062016 0.141791
0.141791 0.114155
0.114155 0.136364
0.136364 0.127424
0.114754 0.103286
0.103286 0.136364
0.136364 0.085271
0.085271 0.096257
0.039216 0.082857
0.082857 0.130148
0.130148 0.089256
0.089256 0.142857
0.142857 0.115506
0.115506 0.083942
0.083942 0.129323
0.129323 0.139037
0.139037 0.169312
0.169312 0.136364
0.136364 0.118304
0.118304 0.136691
0.136691 0.167939
0.167939 0.106771
0.106771 0.091743
0.109510 0.092683
0.092683 0.116173
0.116173 0.095349
0.095349 0.078014
0.061765 0.072881
0.072881 0.094148
0.094148 0.078475
0.068027 0.095238
0.095238 0.061224
0.061224 0.078544
0.078544 0.065666
0.085714 0.126984
0.126984 0.031847
0.031847 0.102857
0.102857 0.091463
0.111940 0.120344
0.120344 0.133787
0.133787 0.146018
0.146018 0.130332
0.130332 0.138158
0.138158 0.073048
0.073048 0.067669
0.088710 0.100000
0.126689 0.120898
0.120898 0.077922
0.077922 0.129771
0.129771 0.128713
0.155251 0.142529
0.142529 0.125664
0.125664 0.149485
0.149485 0.136735
0.136735 0.065574
0.083333 0.085202
0.073770 0.077586
0.077586 0.075472
0.122951 0.084261
0.084261 0.101266
0.101266 0.136713
0.073298 0.056452
0.065868 0.047619
0.120000 0.136364
0.136364 0.076923
0.097222 0.124464
0.124464 0.167774
0.167774 0.157068
0.157068 0.124646
0.124646 0.182243
0.182243 0.132956
0.132956 0.143636
0.143636 0.188976
0.188976 0.107407
0.107407 0.117747
0.117747 0.143511
0.143511 0.180115
0.180115 0.165714
0.165714 0.149923
0.149923 0.133820
0.133820 0.161667
0.161667 0.137519
0.134868 0.118613
0.118613 0.138514
0.138514 0.119792
0.119792 0.164461
0.164461 0.171946
0.171946 0.155803
0.155803 0.163333
0.163333 0.165775
0.165775 0.129344
0.129344 0.125523
0.125523 0.103734
0.103734 0.133843
0.113438 0.102867
0.102867 0.102450
0.102450 0.125000
0.125000 0.137815
0.137815 0.143713
0.143713 0.114286
0.114286 0.129707
0.129707 0.143556
0.143556 0.152108
0.152108 0.133508
0.133508 0.179389
0.179389 0.163132
0.163132 0.095238
0.150602 0.135542
0.135542 0.116022
0.116022 0.105263
0.105263 0.169675
0.169675 0.157182
0.076923 0.061303
0.061303 0.068841
0.068841 0.055556
0.055556 0.055459
0.055459 0.078809
0.078809 0.060317
0.060317 0.083179
0.083179 0.085487
0.085487 0.106572
0.106572 0.092742
0.092742 0.109467
0.109467 0.113712
0.081395 0.072816
0.098540 0.029197
0.076233 0.120459
0.120459 0.120690
0.120690 0.131757
0.131757 0.100511
0.100511 0.092035
0.092035 0.103529
0.103529 0.093407
0.093407 0.079741
0.079741 0.103704
0.116608 0.114618
0.114618 0.094249
0.094249 0.143928
0.143928 0.125891
0.125891 0.111952
0.111952 0.119835
0.045058 0.042435
0.153094 0.140288
0.140288 0.158385
0.158385 0.133333
0.133333 0.173295
0.173295 0.189427
0.189427 0.137048
0.137048 0.156250
0.156250 0.156105
0.156105 0.151424
0.151424 0.189895
0.189895 0.155290
0.155290 0.143760
0.143760 0.132203
0.132203 0.135940
0.135940 0.165354
0.165354 0.116071
0.116071 0.144186
0.144186 0.150877
0.150877 0.100671
0.100671 0.159420
0.159420 0.127193
0.126126 0.145455
0.145455 0.089239
0.089239 0.121827
0.112172 0.049618
0.125424 0.124370
0.124370 0.069307
0.069307 0.111328
0.014925 0.028037
0.028037 0.015504
0.015504 0.000000
0.000000 0.036036
0.036036 0.068702
0.076923 0.061475
0.094828 0.126761
0.126761 0.133621
0.133621 0.090000
0.090000 0.112195
0.112195 0.054974
0.062232 0.062016
0.062016 0.092357
0.092357 0.037946
0.037946 0.070312
0.070312 0.033582
0.033582 0.062249
0.111111 0.141667
0.141667 0.171429
0.171429 0.145125
0.145125 0.160377
0.160377 0.131148
0.173228 0.134884
0.080357 0.066445
0.067470 0.098305
0.150538 0.055046
0.055046 0.050725
0.080000 0.073529
0.073529 0.073267
0.073267 0.095506
0.095506 0.097744
0.097744 0.104308
0.104308 0.067729
0.067729 0.089695
0.089695 0.080058
0.074380 0.064057
0.064057 0.066667
0.070312 0.076923
0.126160 0.150171
0.150171 0.107143
0.107143 0.115385
0.115385 0.124774
0.124774 0.123457
0.123457 0.099548
0.099548 0.108262
0.108262 0.121951
0.121951 0.134503
0.134503 0.140530
0.140530 0.076056
0.076056 0.103448
0.103448 0.130742
0.130742 0.100000
0.104265 0.071429
0.071429 0.113695
0.113695 0.103976
0.057143 0.164179
0.164179 0.120301
0.104478 0.086262
0.086262 0.077982
0.089239 0.088710
0.088710 0.132743
0.161058 0.114286
0.114286 0.117417
0.117417 0.071269
0.071269 0.123457
0.123457 0.129568
0.129568 0.164948
0.164948 0.103030
0.103030 0.142857
0.142857 0.107865
0.107865 0.127168
0.127168 0.137931
0.137931 0.126761
0.126761 0.162921
0.162921 0.128834
0.070938 0.094737
0.094737 0.066922
0.066922 0.088028
0.088028 0.092857
0.138996 0.134400
0.134400 0.162121
0.162121 0.141479
0.141479 0.104730
0.104730 0.098321
0.098321 0.124783
0.048077 0.126482
0.126482 0.082927
0.082927 0.111702
0.062762 0.064762
0.064762 0.079019
0.072289 0.112000
0.112000 0.086806
0.086806 0.024000
0.024000 0.059829
0.053173 0.099462
0.099462 0.132780
0.132780 0.148204
0.148204 0.175109
0.175109 0.124269
0.124269 0.130081
0.037736 0.054096
0.054096 0.072917
0.072917 0.090461
0.090461 0.071066
0.071066 0.088183
0.088183 0.085938
0.085938 0.105973
0.105973 0.104545
0.104545 0.072539
0.072539 0.111940
0.111940 0.069853
0.069853 0.066502
0.084034 0.109375
0.109375 0.078534
0.137634 0.121145
0.121145 0.110410
0.110410 0.067669
0.067669 0.129594
0.129594 0.094675
0.095652 0.072072
0.089947 0.103659
0.053435 0.108317
0.108317 0.098113
0.126050 0.055794
0.118644 0.093458
0.109244 0.098802
0.098802 0.107759
0.082996 0.075926
0.075926 0.072022
0.072022 0.094512
0.094512 0.077465
0.077465 0.124031
0.124031 0.103448
0.101928 0.058824
0.058824 0.098611
0.098611 0.083565
0.083565 0.061654
0.061654 0.093373
0.093373 0.108453
0.108453 0.098361
0.098361 0.097087
0.097087 0.115242
0.063218 0.058480
0.058480 0.077728
0.077728 0.086826
0.086826 0.076312
0.076312 0.097479
0.097479 0.062264
0.062264 0.108247
0.108247 0.098827
0.098827 0.093913
0.093913 0.077083
0.078947 0.045455
0.045455 0.100917
0.093137 0.065637
0.062016 0.067669
0.067669 0.072414
0.072414 0.083333
0.064030 0.064327
0.064327 0.056000
0.056000 0.061674
0.052209 0.078652
0.085515 0.084320
0.084320 0.085427
0.085427 0.046154
0.046154 0.068898
0.071038 0.083333
0.080000 0.064103
0.064103 0.070470
0.070470 0.089443
0.089443 0.071651
0.071651 0.056872
0.056872 0.055988
0.055988 0.079665
0.079665 0.046687
0.046687 0.067002
0.067002 0.083195
0.083195 0.123389
0.123389 0.071730
0.071730 0.056872
0.056872 0.079646
0.055046 0.089744
0.089744 0.085072
0.085072 0.111111
0.111111 0.107362
0.107362 0.120370
0.120370 0.104247
0.113636 0.125948
0.125948 0.106529
0.106529 0.100233
0.119658 0.100372
0.100372 0.129032
0.129032 0.083333
0.092857 0.105000
0.127660 0.102632
0.094170 0.102767
0.096045 0.048352
0.048352 0.095238
0.095238 0.084184
0.084184 0.086643
0.086643 0.111842
0.101852 0.085821
0.048649 0.092105
0.092105 0.065217
0.044586 0.069697
0.069697 0.078049
0.070000 0.064620
0.064620 0.073806
0.094170 0.088235
0.088235 0.100478
0.100478 0.107492
0.107492 0.127419
0.127419 0.129758
0.129758 0.113530
0.113530 0.103387
0.103387 0.097902
0.073132 0.050269
0.050269 0.066768
0.066768 0.068429
0.068429 0.085294
0.085294 0.036145
0.036145 0.075610
0.075610 0.065642
0.065642 0.066461
0.066461 0.070796
0.110619 0.150649
0.150649 0.127334
0.127334 0.060694
0.060694 0.112821
0.112821 0.111111
0.111111 0.084071
0.084071 0.063953
0.063953 0.102410
0.102410 0.098592
0.083183 0.150097
0.150097 0.150485
0.150485 0.100000
0.061538 0.072848
0.072848 0.063312
0.063312 0.066986
0.066986 0.087571
0.087571 0.052239
0.052239 0.057692
0.057692 0.105079
0.105079 0.080808
0.080808 0.124620
0.124620 0.067308
0.067308 0.082353
0.082353 0.065728
0.049180 0.049383
0.049383 0.059932
0.059932 0.061840
0.061840 0.063516
0.063516 0.074627
0.091954 0.109170
0.119718 0.107143
0.107143 0.136000
0.136000 0.146974
0.146974 0.119107
0.119107 0.079167
0.075758 0.065421
0.166395 0.136218
0.136218 0.160563
0.160563 0.186327
0.186327 0.188953
0.188953 0.158672
0.158672 0.125253
0.125253 0.152038
0.152038 0.182874
0.182874 0.172316
0.172316 0.169408
0.169408 0.158730
0.158730 0.135076
0.135076 0.132841
0.132841 0.122807
0.054146 0.071542
0.071542 0.067657
0.067657 0.057584
0.057584 0.092715
0.092715 0.049822
0.049822 0.087302
0.087302 0.026144
0.086538 0.070000
0.070000 0.093458
0.093458 0.055556
0.090909 0.079932
0.079932 0.120253
0.120253 0.066667
0.139303 0.118694
0.118694 0.114130
0.077821 0.060823
0.060823 0.071429
0.071429 0.083333
0.141985 0.140496
0.140496 0.120112
0.120112 0.153203
0.153203 0.114569
0.114569 0.136681
0.136681 0.117562
0.117562 0.130618
0.130618 0.120863
0.077966 0.105442
0.105442 0.085470
0.074627 0.083095
0.083095 0.116883
0.040541 0.039773
0.039773 0.113475
0.113475 0.059846
0.059846 0.078869
0.078869 0.109299
0.109299 0.116162
0.116162 0.079470
0.079470 0.081433
0.095057 0.090772
0.090772 0.060748
0.060790 0.101227
0.070312 0.064140
0.064140 0.039474
0.039474 0.125000
0.064599 0.069952
0.074492 0.127237
0.127237 0.050279
0.050279 0.090909
0.113861 0.062500
0.076613 0.126923
0.176245 0.104247
0.104247 0.077283
0.077283 0.116541
0.044248 0.102564
0.076316 0.105820
0.105820 0.087866
0.107692 0.133745
0.133745 0.095395
0.095395 0.152074
0.152074 0.153846
0.153846 0.191176
0.191176 0.144928
0.144928 0.164835
0.164835 0.122449
0.060150 0.066116
0.066116 0.080858
0.127517 0.061033
0.061033 0.087637
0.087637 0.096828
0.096828 0.080592
0.080592 0.109890
0.109890 0.097276
0.097276 0.098765
0.098765 0.103865
0.103865 0.099174
0.099174 0.071038
0.141280 0.080229
0.080229 0.079365
0.079365 0.155136
0.155136 0.174863
0.174863 0.111959
0.111959 0.156934
0.156934 0.109091
0.109091 0.149733
0.149733 0.057377
0.070588 0.073171
0.076471 0.122449
0.037037 0.019231
0.045161 0.113924
0.113924 0.078086
0.078086 0.074468
0.074468 0.087452
0.087452 0.054688
0.075908 0.092715
0.104478 0.091603
0.058993 0.060932
0.060932 0.107001
0.107001 0.100000
0.100000 0.117465
0.117465 0.070809
0.070809 0.112637
0.112637 0.071429
0.071429 0.062235
0.062235 0.078189
0.078189 0.085106
0.085106 0.066234
0.066234 0.096859
0.096859 0.083004
0.083004 0.087551
0.087551 0.071331
0.071331 0.080822
0.080822 0.087075
0.087075 0.068182
0.068182 0.075209
0.075209 0.081081
0.081081 0.073248
0.102804 0.092000
0.092000 0.091912
0.074380 0.057026
0.057026 0.058333
0.058333 0.075444
0.075444 0.045977
0.045977 0.085714
0.085714 0.085324
0.085324 0.099010
0.099010 0.085020
0.085020 0.108014
0.108014 0.087248
0.087248 0.129213
0.060914 0.046512
0.046512 0.112000
0.112000 0.093525
0.093525 0.114855
0.114855 0.136646
0.136646 0.154930
0.154930 0.145631
0.145631 0.168761
0.168761 0.194853
0.194853 0.147388
0.147388 0.168975
0.168975 0.132832
0.132832 0.177778
0.177778 0.080717
0.029126 0.045455
0.063025 0.092105
0.092105 0.067265
0.067265 0.071279
0.071279 0.084084
0.084084 0.104000
0.104000 0.049645
0.049645 0.110169
0.110169 0.075780
0.075780 0.068452
0.068452 0.083582
0.083582 0.068000
0.068000 0.075862
0.075862 0.079861
0.079861 0.059761
0.059761 0.063758
0.063758 0.067708
0.067708 0.074380
0.096491 0.098291
0.098291 0.172414
0.053254 0.057143
0.075601 0.086310
0.086310 0.111635
0.074380 0.064220
0.064220 0.106383
0.106383 0.075000
0.075000 0.074830
0.074830 0.087432
0.091463 0.079692
0.079692 0.078947
0.078947 0.065476
0.065476 0.057143
0.076677 0.063253
0.136612 0.089623
0.089623 0.110912
0.110912 0.088235
0.088235 0.072034
0.072034 0.127479
0.082524 0.126789
0.126789 0.083019
0.107330 0.115789
0.092308 0.042654
0.092838 0.081197
0.081197 0.096154
0.096154 0.072864
0.072864 0.093290
0.093290 0.062500
0.062500 0.097403
0.097403 0.063348
0.093623 0.104372
0.104372 0.123223
0.123223 0.137741
0.137741 0.097810
0.097810 0.091324
0.075676 0.093190
0.078603 0.068670
0.068670 0.120000
0.120000 0.123328
0.123328 0.111437
0.111437 0.100511
0.100511 0.101620
0.101620 0.113095
0.113095 0.148148
0.118503 0.119608
0.119608 0.145422
0.145422 0.129799
0.129799 0.105008
0.105008 0.107595
0.107595 0.108007
0.108007 0.084507
0.084507 0.096506
0.096506 0.068085
0.138112 0.087287
0.087287 0.125506
0.125506 0.138743
0.119186 0.091988
0.091988 0.159091
0.074074 0.051418
0.051418 0.064220
0.064220 0.093617
0.093617 0.072937
0.129771 0.115183
0.115183 0.142361
0.070866 0.067239
0.067239 0.059249
0.059249 0.056270
0.056270 0.076225
0.076225 0.079545
0.079545 0.069382
0.069382 0.082969
0.082969 0.087866
0.087866 0.061765
0.117381 0.169096
0.169096 0.140950
0.140950 0.151773
0.151773 0.151424
0.151424 0.126623
0.126623 0.168889
0.168889 0.185583
0.185583 0.209677
0.209677 0.137876
0.137876 0.162930
0.162930 0.167722
0.167722 0.144186
0.144186 0.181126
0.181126 0.184339
0.184339 0.137472
0.137472 0.162791
0.046460 0.082661
0.082661 0.107750
0.107750 0.086629
0.086629 0.057725
0.057725 0.075145
0.075145 0.047493
0.110619 0.119048
0.119048 0.080169
0.080169 0.155556
0.155556 0.076336
0.076336 0.104167
0.052516 0.107296
0.107296 0.105023
0.105023 0.068027
0.071672 0.082840
0.052632 0.086567
0.086567 0.090692
0.095238 0.100952
0.100952 0.057906
0.057906 0.072658
0.072658 0.077434
0.077434 0.093418
0.093418 0.132530
0.137725 0.098266
0.098266 0.103448
0.076046 0.112195
0.047962 0.053571
0.053571 0.065116
0.065116 0.070229
0.070229 0.064677
0.123867 0.059072
0.059072 0.107256
0.107256 0.060870
0.060870 0.092391
0.090535 0.060041
0.060041 0.084158
0.029703 0.057692
0.057692 0.089286
0.089286 0.064220
0.045045 0.030000
0.094828 0.114483
0.114483 0.093313
0.093313 0.067133
0.067133 0.054519
0.090000 0.044944
0.138889 0.164835
0.164835 0.185039
0.185039 0.093254
0.093254 0.097633
0.097633 0.133333
0.079012 0.122486
0.077364 0.072289
0.072289 0.126168
0.126168 0.114486
0.133205 0.117431
0.117431 0.032345
0.100840 0.099812
0.099812 0.072650
0.072650 0.072519
0.072519 0.103594
0.103594 0.116915
0.116915 0.107914
0.133820 0.156609
0.156609 0.136228
0.136228 0.172714
0.172714 0.144144
0.074074 0.136767
0.136767 0.152623
0.152623 0.131884
0.131884 0.155589
0.155589 0.154083
0.154083 0.120000
0.120000 0.158070
0.158070 0.132450
0.132450 0.166987
0.166987 0.174377
0.174377 0.147700
0.147700 0.166954
0.166954 0.166154
0.166154 0.097744
0.097744 0.128378
0.128378 0.173611
0.173611 0.150000
0.150000 0.089431
0.095070 0.083130
0.083130 0.096154
0.096154 0.070988
0.070988 0.059259
0.111111 0.125683
0.125683 0.085470
0.085470 0.148844
0.148844 0.121311
0.121311 0.077031
0.077031 0.111111
0.111111 0.152074
0.152074 0.133224
0.133224 0.161337
0.161337 0.152941
0.152941 0.114486
0.114486 0.117199
0.117199 0.137255
0.137255 0.089330
0.070769 0.090426
0.090426 0.078947
0.078947 0.077710
0.077710 0.087097
0.087097 0.078727
0.078727 0.077165
0.077165 0.061644
0.061644 0.080895
0.080895 0.064767
0.064767 0.064171
0.097701 0.090909
0.090909 0.084559
0.084559 0.068783
0.068783 0.109589
0.063492 0.096552
0.096552 0.094170
0.094170 0.094595
0.094595 0.134897
0.134897 0.060150
0.060150 0.120112
0.120112 0.096939
0.096939 0.108614
0.115385 0.049080
0.079121 0.082353
0.082353 0.109687
0.109687 0.130315
0.130315 0.111702
0.111702 0.110000
0.118584 0.119231
0.119231 0.114537
0.082278 0.099558
0.099558 0.107547
0.107547 0.097983
0.070560 0.106007
0.106007 0.154206
0.136483 0.083851
0.060423 0.054455
0.054455 0.102679
0.102679 0.082267
0.082267 0.083051
0.083051 0.060870
0.082329 0.077465
0.077465 0.040609
0.040609 0.072000
0.072000 0.136915
0.136915 0.078212
0.068862 0.041602
0.041602 0.049157
0.049157 0.041420
0.041420 0.075838
0.075838 0.079872
0.079872 0.090909
0.090909 0.087805
0.087805 0.088670
0.088670 0.106232
0.106232 0.076233
0.076233 0.075301
0.075301 0.084459
0.097134 0.109177
0.109177 0.153213
0.153213 0.115625
0.115625 0.138728
0.138728 0.136280
0.136280 0.139394
0.139394 0.167224
0.167224 0.138182
0.138182 0.124324
0.106122 0.144279
0.144279 0.175141
0.175141 0.118519
0.118519 0.151934
0.159353 0.133333
0.133333 0.134409
0.134409 0.113900
0.113900 0.117521
0.124601 0.066667
0.066667 0.097328
0.097328 0.122105
0.129845 0.131373
0.131373 0.147186
0.115152 0.115132
0.112150 0.106754
0.106754 0.044643
0.086957 0.120898
0.050000 0.020000
0.068657 0.107903
0.107903 0.115073
0.115073 0.091854
0.091854 0.122340
0.122340 0.069930
0.062914 0.089474
0.089474 0.066496
0.066496 0.071588
0.071588 0.071225
0.071225 0.102564
0.102564 0.073826
0.100000 0.130682
0.130682 0.107143
0.107143 0.089552
0.073460 0.123636
0.123636 0.103147
0.103147 0.062222
0.110256 0.114583
0.114583 0.106095
0.106095 0.120898
0.120898 0.133981
0.133981 0.144578
0.144578 0.157738
0.157738 0.145763
0.049180 0.047619
0.088472 0.092545
0.130125 0.130719
0.130719 0.087302
0.087302 0.084932
0.084932 0.100917
0.207547 0.138614
0.111111 0.067485
0.067485 0.085052
0.085052 0.074850
0.074850 0.098592
0.098592 0.061111
0.052817 0.065359
0.047619 0.127273
0.041667 0.065637
0.146245 0.092466
0.092466 0.080292
0.080292 0.084071
0.072581 0.056856
0.095339 0.109948
0.109948 0.111876
0.111876 0.110368
0.143293 0.176471
0.176471 0.183849
0.183849 0.185792
0.185792 0.136194
0.136194 0.135081
0.135081 0.154882
0.154882 0.160681
0.160681 0.206271
0.206271 0.196837
0.196837 0.195402
0.195402 0.158678
0.158678 0.171103
0.171103 0.133470
0.133470 0.157658
0.157658 0.215556
0.215556 0.170833
0.170833 0.164502
0.076923 0.109375
0.109375 0.134043
0.134043 0.128981
0.128981 0.119163
0.119163 0.105572
0.105572 0.117385
0.117385 0.134478
0.134478 0.140580
0.140580 0.136691
0.136691 0.114114
0.114114 0.120185
0.120185 0.156716
0.156716 0.139130
0.139130 0.145324
0.145324 0.164850
0.164850 0.138889
0.138614 0.141753
0.141753 0.112903
0.112903 0.108000
0.108000 0.212121
0.051813 0.082645
0.082645 0.105769
0.105769 0.129663
0.129663 0.109635
0.109635 0.123967
0.123967 0.078689
0.078689 0.071429
0.085020 0.085308
0.085308 0.111667
0.111667 0.082405
0.082405 0.097826
0.097826 0.120000
0.120000 0.174603
0.174603 0.080000
0.080000 0.136364
0.127854 0.128141
0.128141 0.085540
0.085540 0.139024
0.078049 0.100478
0.090909 0.078740
0.078740 0.112016
0.112016 0.077670
0.077670 0.093373
0.093373 0.087977
0.087977 0.104082
0.104082 0.099715
0.099715 0.068966
0.068966 0.087059
0.082540 0.076212
0.076212 0.102317
0.102317 0.104651
0.104651 0.091071
0.089552 0.058824
0.058824 0.052326
0.052326 0.102881
0.102881 0.092219
0.092219 0.130024
0.130024 0.095563
0.095563 0.066116
0.075377 0.039007
0.039007 0.069091
0.069091 0.117647
0.156448 0.161130
0.161130 0.168085
0.168085 0.165480
0.165480 0.162500
0.162500 0.157813
0.157813 0.142329
0.142329 0.173913
0.042105 0.077295
0.124731 0.122931
0.122931 0.124542
0.124542 0.125000
0.125000 0.141717
0.104478 0.057803
0.155340 0.091549
0.175862 0.147059
0.147059 0.111111
0.111111 0.129252
0.080178 0.066667
0.066667 0.068548
0.068548 0.121951
0.121951 0.097973
0.097973 0.114082
0.114082 0.108434
0.108434 0.070707
0.070707 0.088679
0.088679 0.066194
0.066194 0.108861
0.108861 0.085995
0.085995 0.085540
0.085540 0.093168
0.152809 0.070240
0.070240 0.115304
0.115304 0.111321
0.000000 0.060000
0.098315 0.162116
0.162116 0.103030
0.083916 0.083019
0.083077 0.073826
0.073826 0.102190
0.102190 0.068182
0.068182 0.080645
0.132114 0.128788
0.128788 0.134703
0.134703 0.094488
0.094488 0.139159
0.139159 0.101190
0.148485 0.096774
0.096774 0.086758
0.166090 0.151424
0.151424 0.172007
0.172007 0.120388
0.120388 0.170455
0.070845 0.053864
0.053864 0.041885
0.041885 0.048333
0.048333 0.054131
0.048529 0.041806
0.041806 0.036066
0.075556 0.122671
0.122671 0.069630
0.069630 0.089080
0.089080 0.082061
0.082061 0.094286
0.094286 0.106489
0.106489 0.081633
0.081633 0.065421
0.065421 0.092282
0.092282 0.080146
0.080146 0.085561
0.085561 0.091837
0.091837 0.074627
0.074627 0.109057
0.156250 0.118483
0.118483 0.125000
0.125000 0.133122
0.133122 0.119281
0.119281 0.139647
0.139647 0.129921
0.129921 0.104991
0.104991 0.118447
0.118447 0.115120
0.115120 0.120192
0.120192 0.126437
0.126437 0.109091
0.067368 0.076613
0.076613 0.086331
0.086331 0.043011
0.043011 0.085106
0.085106 0.054422
0.060976 0.133588
0.133588 0.104839
0.104839 0.117089
0.117089 0.132924
0.132924 0.091234
0.093558 0.100806
0.100806 0.097484
0.097484 0.174286
0.174286 0.100324
0.100324 0.059055
0.059055 0.125000
0.095522 0.113703
0.113703 0.108453
0.108453 0.099825
0.099825 0.103448
0.065455 0.048998
0.048998 0.070085
0.070085 0.078560
0.078560 0.060703
0.060703 0.077465
0.077465 0.064838
0.064838 0.095652
0.095652 0.066265
0.066265 0.095238
0.095238 0.018349
0.018349 0.035242
0.035242 0.074349
0.100000 0.134831
0.160448 0.184132
0.184132 0.150646
0.150646 0.154762
0.154762 0.168168
0.168168 0.093750
0.116705 0.090909
0.090909 0.151568
0.151568 0.130653
0.114943 0.081232
0.081232 0.086721
0.086721 0.105263
0.105263 0.132959
0.132959 0.093567
0.153846 0.124309
0.124309 0.093023
0.111111 0.157186
0.157186 0.143498
0.143498 0.138840
0.138840 0.140845
0.180879 0.147368
0.147368 0.152568
0.152568 0.121990
0.121990 0.116352
0.116352 0.124490
0.036036 0.031088
0.031088 0.069277
0.069277 0.074783
0.074783 0.078014
0.078014 0.115059
0.115059 0.064795
0.076423 0.092827
0.092827 0.088889
0.088889 0.080645
0.080645 0.102004
0.078804 0.050584
0.050584 0.062992
0.110714 0.052632
0.052632 0.028571
0.028571 0.066667
0.066667 0.115160
0.106618 0.067961
0.060811 0.127119
0.127119 0.080672
0.128852 0.126850
0.126850 0.018349
0.165138 0.135397
0.135397 0.170178
0.170178 0.150729
0.117188 0.163842
0.163842 0.127273
0.127273 0.143687
0.143687 0.171206
0.171206 0.138947
0.038388 0.023810
0.023810 0.050704
0.050704 0.093548
0.059322 0.055276
0.059361 0.074468
0.074468 0.071006
0.119681 0.101167
0.067460 0.096154
0.096154 0.099693
0.099693 0.066955
0.066955 0.102518
0.102518 0.113597
0.113597 0.110224
0.110224 0.084195
0.084195 0.114855
0.114855 0.157186
0.157186 0.131931
0.131931 0.084980
0.084980 0.139717
0.067449 0.077821
0.077821 0.115460
0.086207 0.098404
0.098404 0.060606
0.060606 0.082294
0.082294 0.069519
0.096886 0.106145
0.106145 0.111588
0.111588 0.102564
0.102564 0.058296
0.058296 0.113475
0.114192 0.090909
0.090909 0.100885
0.100885 0.089431
0.089431 0.089936
0.089936 0.075044
0.075044 0.093023
0.093023 0.065546
0.065546 0.083573
0.117647 0.082380
0.082380 0.049505
0.049505 0.110465
0.110465 0.106557
0.106557 0.079096
0.115625 0.148607
0.148607 0.148000
0.148000 0.124490
0.124490 0.107143
0.065217 0.081319
0.081319 0.092040
0.092040 0.106061
0.106061 0.124726
0.124726 0.064198
0.064198 0.096618
0.096618 0.063361
0.063361 0.077670
0.043478 0.087827
0.087827 0.083799
0.083799 0.063272
0.063272 0.040284
0.040284 0.104418
0.104418 0.118217
0.118217 0.091379
0.091379 0.082508
0.062500 0.120846
0.120846 0.072816
0.072816 0.182390
0.182390 0.081301
0.081301 0.116099
0.116099 0.158779
0.158779 0.132283
0.132283 0.116697
0.116697 0.090772
0.090772 0.100520
0.100520 0.088652
0.050682 0.083172
0.083172 0.088235
0.088235 0.065421
0.065421 0.060362
0.060362 0.053571
0.099415 0.059211
0.059211 0.115512
0.178378 0.179487
0.179487 0.143293
0.114370 0.140481
0.140481 0.124183
0.124183 0.142609
0.142609 0.195335
0.119318 0.137143
0.137143 0.146259
0.081818 0.085714
0.067961 0.060345
0.060345 0.080000
0.153179 0.155280
0.155280 0.095775
0.095775 0.090659
0.053097 0.144578
0.105263 0.117371
0.117371 0.115789
0.115789 0.129787
0.129787 0.130159
0.130159 0.151745
0.151745 0.099812
0.099812 0.135802
0.179688 0.142191
0.096000 0.099099
0.099099 0.075099
0.085470 0.142857
0.142857 0.126667
0.126667 0.147692
0.147692 0.148681
0.148681 0.092715
0.053030 0.105469
0.068493 0.089286
0.109339 0.064103
0.064103 0.075067
0.075067 0.069869
0.069869 0.067864
0.067864 0.073107
0.073107 0.058577
0.072072 0.152318
0.152318 0.132812
0.132812 0.113872
0.113872 0.111369
0.111369 0.148148
0.148148 0.088571
0.046404 0.063158
0.113821 0.127536
0.127536 0.126582
0.126582 0.095745
0.051282 0.076023
0.062500 0.057851
0.080000 0.117409
0.117409 0.121212
0.161765 0.155602
0.155602 0.141538
0.141538 0.161392
0.161392 0.144172
0.144172 0.101942
0.101942 0.098859
0.128571 0.187879
0.187879 0.090343
0.090343 0.121693
0.121693 0.082353
0.082353 0.125000
0.125000 0.115672
0.115672 0.120321
0.120321 0.137441
0.137441 0.089189
0.089189 0.104167
0.056277 0.150388
0.150388 0.108192
0.108192 0.111975
0.111975 0.131280
0.131280 0.131725
0.131725 0.190994
0.190994 0.107813
0.107813 0.120501
0.120501 0.144543
0.098039 0.145055
0.089320 0.046771
0.088957 0.147727
0.147727 0.130178
0.130178 0.119879
0.119879 0.109718
0.109718 0.122010
0.122010 0.137083
0.137083 0.091603
0.096346 0.133721
0.080169 0.121260
0.121260 0.100000
0.100000 0.122744
0.093093 0.129921
0.137255 0.106017
0.106017 0.127796
0.127796 0.081784
0.081784 0.127349
0.127349 0.097506
0.097506 0.091503
0.111111 0.129794
0.129794 0.131959
0.131959 0.093126
0.082979 0.075581
0.075581 0.111650
0.111650 0.093960
0.063380 0.083333
0.083333 0.086319
0.086319 0.075521
0.075521 0.123203
0.123203 0.067881
0.067881 0.052910
0.052910 0.081340
0.081340 0.064516
0.165354 0.137931
0.137931 0.129630
0.129630 0.113725
0.113725 0.057576
0.057576 0.101594
0.101594 0.068230
0.068230 0.051020
0.051020 0.054545
0.168508 0.130350
0.130350 0.139610
0.139610 0.141141
0.141141 0.112985
0.112985 0.159475
0.159475 0.154079
0.154079 0.176565
0.176565 0.149905
0.149905 0.098901
0.152738 0.129524
0.129524 0.066667
0.169231 0.217647
0.128205 0.075969
0.075969 0.093195
0.093195 0.089965
0.042484 0.061688
0.061688 0.115304
0.076321 0.079848
0.079848 0.069307
0.077295 0.085911
0.085911 0.085106
0.051724 0.063492
0.125000 0.104938
0.104938 0.082596
0.082596 0.087475
0.104615 0.072072
0.072072 0.132911
0.132911 0.140000
0.140000 0.126374
0.126374 0.137634
0.137634 0.129330
0.129330 0.151822
0.151822 0.149573
0.149573 0.120455
0.120455 0.049020
0.033113 0.084112
0.084112 0.109422
0.109422 0.094070
0.094070 0.097276
0.097276 0.099800
0.099800 0.095427
0.095427 0.101010
0.101010 0.097436
0.097436 0.101083
0.101083 0.132988
0.132988 0.108738
0.108738 0.115000
0.115000 0.135484
0.135484 0.125000
0.125000 0.100870
0.100870 0.078603
0.078603 0.081712
0.065421 0.067961
0.111801 0.092369
0.092369 0.081481
0.081481 0.104000
0.102293 0.080769
0.080769 0.079225
0.079225 0.094241
0.094241 0.105008
0.105008 0.100000
0.100000 0.089030
0.089030 0.104137
0.104137 0.112135
0.112135 0.086257
0.086257 0.115304
0.115304 0.139116
0.139116 0.108696
0.102273 0.058932
0.058932 0.098876
0.098876 0.074713
0.090000 0.145455
0.054745 0.037607
0.037607 0.049133
0.062687 0.040741
0.040741 0.043860
0.067358 0.046809
0.046809 0.121649
0.121649 0.096567
0.096567 0.056047
0.099099 0.089474
0.089474 0.097923
0.097923 0.053498
0.053498 0.104430
0.049808 0.055696
0.055696 0.060241
0.060241 0.095890
0.095890 0.075472
0.075472 0.058824
0.058824 0.081633
0.100486 0.092084
0.092084 0.074554
0.074554 0.088550
0.088550 0.090308
0.090308 0.079665
0.134545 0.107784
0.107784 0.134715
0.120773 0.115226
0.115226 0.080702
0.078947 0.111765
0.111765 0.160772
0.160772 0.183735
0.099415 0.121951
0.121951 0.085399
0.085399 0.156923
0.156923 0.131455
0.131455 0.087948
0.087948 0.056291
0.111940 0.133152
0.138889 0.137845
0.033613 0.040000
0.040000 0.081241
0.081241 0.076923
0.076923 0.087237
0.087237 0.070845
0.070845 0.108434
0.108434 0.080000
0.080000 0.100000
0.100000 0.068702
0.068826 0.081081
0.071749 0.076563
0.076563 0.065772
0.065772 0.068817
0.068817 0.074074
0.074074 0.054010
0.054010 0.074830
0.074830 0.066978
0.066978 0.065185
0.065185 0.045942
0.045942 0.058917
0.058917 0.101655
0.101655 0.121739
0.077922 0.137868
0.137868 0.128596
0.128596 0.121693
0.121693 0.135693
0.135693 0.149461
0.149461 0.172012
0.172012 0.135303
0.135303 0.154545
0.154545 0.177554
0.177554 0.174699
0.174699 0.159744
0.159744 0.165457
0.165457 0.159509
0.159509 0.148092
0.148092 0.169572
0.060870 0.053922
0.053922 0.106218
0.106218 0.058252
0.122951 0.046763
0.046763 0.096045
0.144231 0.090000
0.090000 0.137255
0.100000 0.061350
0.061350 0.140449
0.140449 0.102804
0.102804 0.181102
0.181102 0.146396
0.146396 0.123762
0.123762 0.142857
0.142857 0.158273
0.158273 0.113744
0.081301 0.080146
0.080146 0.074627
0.074627 0.071856
0.071856 0.085308
0.085308 0.149606
0.149606 0.089005
0.089005 0.114286
0.087413 0.093333
0.093333 0.127193
0.127193 0.105634
0.105634 0.103774
0.090253 0.150000
0.072165 0.104603
0.104603 0.073770
0.073770 0.112710
0.112710 0.066246
0.066246 0.106667
0.095238 0.111111
0.111111 0.106280
0.106280 0.086207
0.074324 0.081967
0.123675 0.087824
0.083472 0.117474
0.117474 0.118812
0.118812 0.045802
0.045802 0.062500
0.110932 0.128039
0.128039 0.086207
0.086207 0.095798
0.095798 0.101064
0.101064 0.058140
0.082645 0.117647
0.117647 0.087891
0.087891 0.085333
0.085333 0.128319
0.128319 0.049020
0.062651 0.055556
0.055556 0.049587
0.049587 0.120130
0.120130 0.112676
0.112676 0.113821
0.113821 0.111465
0.124417 0.130737
0.130737 0.101796
0.101796 0.103715
0.103715 0.126095
0.126095 0.117647
0.117647 0.177941
0.177941 0.111446
0.111446 0.157001
0.157001 0.146341
0.146341 0.112903
0.112903 0.127103
0.127103 0.145706
0.145706 0.124803
0.124803 0.094637
0.094637 0.160377
0.160377 0.158631
0.158631 0.132570
0.132570 0.147458
0.147458 0.121359
0.121359 0.135897
0.135897 0.137667
0.137667 0.128146
0.120968 0.064935
0.064935 0.115819
0.115819 0.104854
0.104854 0.087719
0.087719 0.125571
0.125571 0.086466
0.086466 0.118497
0.118497 0.080645
0.083721 0.112022
0.112022 0.131222
0.131222 0.068702
0.068702 0.082759
0.088235 0.050089
0.074766 0.133333
0.133333 0.099602
0.049505 0.056489
0.056489 0.061290
0.061290 0.022346
0.055838 0.104530
0.104530 0.090226
0.090226 0.119584
0.119584 0.155280
0.155280 0.097222
0.076923 0.127711
0.127711 0.097328
0.097328 0.091255
0.091255 0.134615
0.115108 0.097015
0.110638 0.160714
0.160714 0.098592
0.098592 0.094660
0.094660 0.080000
0.071429 0.085667
0.085667 0.078261
0.078261 0.073906
0.073906 0.130275
0.130275 0.081470
0.081470 0.134467
0.134467 0.119221
0.119221 0.161932
0.161932 0.120846
0.120846 0.113960
0.113960 0.129032
0.129032 0.077311
0.077311 0.142462
0.142462 0.130747
0.130747 0.149275
0.149275 0.112738
0.152542 0.165563
0.165563 0.129758
0.129758 0.138846
0.138846 0.168614
0.168614 0.146299
0.146299 0.113677
0.113677 0.156504
0.156504 0.110825
0.110825 0.111511
0.111511 0.113208
